-9022
-8949
-8835
-8756
-8756
-8756
-8835
-8949
-9022
-9058
-8986
-8874
-8796
-8796
-8796
-8874
-8986
-9058
-9093
-9022
-8912
-8835
-8835
-8835
-8912
-9022
-9093
-9127
-9058
-8949
-8874
-8874
-8874
-8949
-9058
-9127
-9161
-9093
-8986
-8912
-8912
-8912
-8986
-9093
-9161
-9194
-9127
-9022
-8949
-8949
-8949
-9022
-9127
-9194
-9227
-9161
-9058
-8986
-8986
-8986
-9058
-9161
-9227
-9258
-9194
-9093
-9022
-9022
-9022
-9093
-9194
-9258
-9290
-9227
-9127
-9058
-9058
-9058
-9127
-9227
-9290
-9320
-9258
-9161
-9093
-9093
-9093
-9161
-9258
-9320
-9350
-9290
-9194
-9127
-9127
-9127
-9194
-9290
-9350
-9379
-9320
-9227
-9161
-9161
-9161
-9227
-9320
-9379
-9408
-9350
-9258
-9194
-9194
-9194
-9258
-9350
-9408
-9436
-9379
-9290
-9227
-9227
-9227
-9290
-9379
-9436
-9463
-9408
-9320
-9258
-9258
-9258
-9320
-9408
-9463
-9490
-9436
-9350
-9290
-9290
-9290
-9350
-9436
-9490
-9516
-9463
-9379
-9320
-9320
-9320
-9379
-9463
-9516
-9541
-9490
-9408
-9350
-9350
-9350
-9408
-9490
-9541
-9565
-9516
-9436
-9379
-9379
-9379
-9436
-9516
-9565
-9589
-9541
-9463
-9408
-9408
-9408
-9463
-9541
-9589
-9613
-9565
-9490
-9436
-9436
-9436
-9490
-9565
-9613
-9635
-9589
-9516
-9463
-9463
-9463
-9516
-9589
-9635
-9657
-9613
-9541
-9490
-9490
-9490
-9541
-9613
-9657
-9679
-9635
-9565
-9516
-9516
-9516
-9565
-9635
-9679
-9699
-9657
-9589
-9541
-9541
-9541
-9589
-9657
-9699
-9719
-9679
-9613
-9565
-9565
-9565
-9613
-9679
-9719
-9738
-9699
-9635
-9589
-9589
-9589
-9635
-9699
-9738
-9757
-9719
-9657
-9613
-9613
-9613
-9657
-9719
-9757
-9775
-9738
-9679
-9635
-9635
-9635
-9679
-9738
-9775
-9792
-9757
-9699
-9657
-9657
-9657
-9699
-9757
-9792
-9809
-9775
-9719
-9679
-9679
-9679
-9719
-9775
-9809
-9824
-9792
-9738
-9699
-9699
-9699
-9738
-9792
-9824
-9840
-9809
-9757
-9719
-9719
-9719
-9757
-9809
-9840
-9854
-9824
-9775
-9738
-9738
-9738
-9775
-9824
-9854
-9868
-9840
-9792
-9757
-9757
-9757
-9792
-9840
-9868
-9881
-9854
-9809
-9775
-9775
-9775
-9809
-9854
-9881
-9894
-9868
-9824
-9792
-9792
-9792
-9824
-9868
-9894
-9905
-9881
-9840
-9809
-9809
-9809
-9840
-9881
-9905
-9916
-9894
-9854
-9824
-9824
-9824
-9854
-9894
-9916
-9927
-9905
-9868
-9840
-9840
-9840
-9868
-9905
-9927
-9936
-9916
-9881
-9854
-9854
-9854
-9881
-9916
-9936
-9945
-9927
-9894
-9868
-9868
-9868
-9894
-9927
-9945
-9954
-9936
-9905
-9881
-9881
-9881
-9905
-9936
-9954
-9961
-9945
-9916
-9894
-9894
-9894
-9916
-9945
-9961
-9968
-9954
-9927
-9905
-9905
-9905
-9927
-9954
-9968
-9975
-9961
-9936
-9916
-9916
-9916
-9936
-9961
-9975
-9980
-9968
-9945
-9927
-9927
-9927
-9945
-9968
-9980
-9985
-9975
-9954
-9936
-9936
-9936
-9954
-9975
-9985
-9989
-9980
-9961
-9945
-9945
-9945
-9961
-9980
-9989
-9993
-9985
-9968
-9954
-9954
-9954
-9968
-9985
-9993
-9995
-9989
-9975
-9961
-9961
-9961
-9975
-9989
-9995
-9997
-9993
-9980
-9968
-9968
-9968
-9980
-9993
-9997
-9999
-9995
-9985
-9975
-9975
-9975
-9985
-9995
-9999
-9999
-9997
-9989
-9980
-9980
-9980
-9989
-9997
-9999
-9999
-9999
-9993
-9985
-9985
-9985
-9993
-9999
-9999
-9999
-9999
-9995
-9989
-9989
-9989
-9995
-9999
-9999
-9997
-9999
-9997
-9993
-9993
-9993
-9997
-9999
-9997
-9995
-9999
-9999
-9995
-9995
-9995
-9999
-9999
-9995
-9992
-9997
-9999
-9997
-9997
-9997
-9999
-9997
-9992
-9989
-9995
-9999
-9999
-9999
-9999
-9999
-9995
-9989
-9985
-9992
-9999
-9999
-9999
-9999
-9999
-9992
-9985
-9980
-9989
-9997
-9999
-9999
-9999
-9997
-9989
-9980
-9974
-9985
-9995
-9999
-9999
-9999
-9995
-9985
-9974
-9968
-9980
-9992
-9997
-9997
-9997
-9992
-9980
-9968
-9961
-9974
-9989
-9995
-9995
-9995
-9989
-9974
-9961
-9954
-9968
-9985
-9992
-9992
-9992
-9985
-9968
-9954
-9945
-9961
-9980
-9989
-9989
-9989
-9980
-9961
-9945
-9936
-9954
-9974
-9985
-9985
-9985
-9974
-9954
-9936
-9926
-9945
-9968
-9980
-9980
-9980
-9968
-9945
-9926
-9916
-9936
-9961
-9974
-9974
-9974
-9961
-9936
-9916
-9905
-9926
-9954
-9968
-9968
-9968
-9954
-9926
-9905
-9893
-9916
-9945
-9961
-9961
-9961
-9945
-9916
-9893
-9881
-9905
-9936
-9954
-9954
-9954
-9936
-9905
-9881
-9868
-9893
-9926
-9945
-9945
-9945
-9926
-9893
-9868
-9854
-9881
-9916
-9936
-9936
-9936
-9916
-9881
-9854
-9839
-9868
-9905
-9926
-9926
-9926
-9905
-9868
-9839
-9824
-9854
-9893
-9916
-9916
-9916
-9893
-9854
-9824
-9808
-9839
-9881
-9905
-9905
-9905
-9881
-9839
-9808
-9792
-9824
-9868
-9893
-9893
-9893
-9868
-9824
-9792
-9774
-9808
-9854
-9881
-9881
-9881
-9854
-9808
-9774
-9756
-9792
-9839
-9868
-9868
-9868
-9839
-9792
-9756
-9738
-9774
-9824
-9854
-9854
-9854
-9824
-9774
-9738
-9719
-9756
-9808
-9839
-9839
-9839
-9808
-9756
-9719
-9699
-9738
-9792
-9824
-9824
-9824
-9792
-9738
-9699
-9678
-9719
-9774
-9808
-9808
-9808
-9774
-9719
-9678
-9657
-9699
-9756
-9792
-9792
-9792
-9756
-9699
-9657
-9635
-9678
-9738
-9774
-9774
-9774
-9738
-9678
-9635
-9612
-9657
-9719
-9756
-9756
-9756
-9719
-9657
-9612
-9589
-9635
-9699
-9738
-9738
-9738
-9699
-9635
-9589
-9565
-9612
-9678
-9719
-9719
-9719
-9678
-9612
-9565
-9540
-9589
-9657
-9699
-9699
-9699
-9657
-9589
-9540
-9515
-9565
-9635
-9678
-9678
-9678
-9635
-9565
-9515
-9489
-9540
-9612
-9657
-9657
-9657
-9612
-9540
-9489
-9462
-9515
-9589
-9635
-9635
-9635
-9589
-9515
-9462
-9435
-9489
-9565
-9612
-9612
-9612
-9565
-9489
-9435
-9407
-9462
-9540
-9589
-9589
-9589
-9540
-9462
-9407
-9378
-9435
-9515
-9565
-9565
-9565
-9515
-9435
-9378
-9349
-9407
-9489
-9540
-9540
-9540
-9489
-9407
-9349
-9319
-9378
-9462
-9515
-9515
-9515
-9462
-9378
-9319
-9289
-9349
-9435
-9489
-9489
-9489
-9435
-9349
-9289
-9258
-9319
-9407
-9462
-9462
-9462
-9407
-9319
-9258
-9226
-9289
-9378
-9435
-9435
-9435
-9378
-9289
-9226
-9193
-9258
-9349
-9407
-9407
-9407
-9349
-9258
-9193
-9160
-9226
-9319
-9378
-9378
-9378
-9319
-9226
-9160
-9127
-9193
-9289
-9349
-9349
-9349
-9289
-9193
-9127
-9092
-9160
-9258
-9319
-9319
-9319
-9258
-9160
-9092
-9057
-9127
-9226
-9289
-9289
-9289
-9226
-9127
-9057
-9022
-9092
-9193
-9258
-9258
-9258
-9193
-9092
-9022
-8985
-9057
-9160
-9226
-9226
-9226
-9160
-9057
-8985
-8948
-9022
-9127
-9193
-9193
-9193
-9127
-9022
-8948
-8911
-8985
-9092
-9160
-9160
-9160
-9092
-8985
-8911
-8873
-8948
-9057
-9127
-9127
-9127
-9057
-8948
-8873
-8834
-8911
-9022
-9092
-9092
-9092
-9022
-8911
-8834
-8795
-8873
-8985
-9057
-9057
-9057
-8985
-8873
-8795
-8755
-8834
-8948
-9022
-9022
-9022
-8948
-8834
-8755
-8714
-8795
-8911
-8985
-8985
-8985
-8911
-8795
-8714
-8673
-8755
-8873
-8948
-8948
-8948
-8873
-8755
-8673
-8631
-8714
-8834
-8911
-8911
-8911
-8834
-8714
-8631
-8589
-8673
-8795
-8873
-8873
-8873
-8795
-8673
-8589
-8546
-8631
-8755
-8834
-8834
-8834
-8755
-8631
-8546
-8502
-8589
-8714
-8795
-8795
-8795
-8714
-8589
-8502
-8458
-8546
-8673
-8755
-8755
-8755
-8673
-8546
-8458
-8413
-8502
-8631
-8714
-8714
-8714
-8631
-8502
-8413
-8368
-8458
-8589
-8673
-8673
-8673
-8589
-8458
-8368
-8322
-8413
-8546
-8631
-8631
-8631
-8546
-8413
-8322
-8276
-8368
-8502
-8589
-8589
-8589
-8502
-8368
-8276
-8229
-8322
-8458
-8546
-8546
-8546
-8458
-8322
-8229
-8181
-8276
-8413
-8502
-8502
-8502
-8413
-8276
-8181
-8133
-8229
-8368
-8458
-8458
-8458
-8368
-8229
-8133
-8084
-8181
-8322
-8413
-8413
-8413
-8322
-8181
-8084
-8035
-8133
-8276
-8368
-8368
-8368
-8276
-8133
-8035
-7985
-8084
-8229
-8322
-8322
-8322
-8229
-8084
-7985
-7934
-8035
-8181
-8276
-8276
-8276
-8181
-8035
-7934
-7883
-7985
-8133
-8229
-8229
-8229
-8133
-7985
-7883
-7832
-7934
-8084
-8181
-8181
-8181
-8084
-7934
-7832
-7780
-7883
-8035
-8133
-8133
-8133
-8035
-7883
-7780
-7727
-7832
-7985
-8084
-8084
-8084
-7985
-7832
-7727
-7674
-7780
-7934
-8035
-8035
-8035
-7934
-7780
-7674
-7620
-7727
-7883
-7985
-7985
-7985
-7883
-7727
-7620
-7566
-7674
-7832
-7934
-7934
-7934
-7832
-7674
-7566
-7511
-7620
-7780
-7883
-7883
-7883
-7780
-7620
-7511
-7456
-7566
-7727
-7832
-7832
-7832
-7727
-7566
-7456
-7400
-7511
-7674
-7780
-7780
-7780
-7674
-7511
-7400
-7344
-7456
-7620
-7727
-7727
-7727
-7620
-7456
-7344
-7287
-7400
-7566
-7674
-7674
-7674
-7566
-7400
-7287
-7230
-7344
-7511
-7620
-7620
-7620
-7511
-7344
-7230
-7172
-7287
-7456
-7566
-7566
-7566
-7456
-7287
-7172
-7114
-7230
-7400
-7511
-7511
-7511
-7400
-7230
-7114
-7055
-7172
-7344
-7456
-7456
-7456
-7344
-7172
-7055
-6996
-7114
-7287
-7400
-7400
-7400
-7287
-7114
-6996
-6936
-7055
-7230
-7344
-7344
-7344
-7230
-7055
-6936
-6876
-6996
-7172
-7287
-7287
-7287
-7172
-6996
-6876
-6815
-6936
-7114
-7230
-7230
-7230
-7114
-6936
-6815
-6754
-6876
-7055
-7172
-7172
-7172
-7055
-6876
-6754
-6692
-6815
-6996
-7114
-7114
-7114
-6996
-6815
-6692
-6630
-6754
-6936
-7055
-7055
-7055
-6936
-6754
-6630
-6567
-6692
-6876
-6996
-6996
-6996
-6876
-6692
-6567
-6504
-6630
-6815
-6936
-6936
-6936
-6815
-6630
-6504
-6441
-6567
-6754
-6876
-6876
-6876
-6754
-6567
-6441
-6377
-6504
-6692
-6815
-6815
-6815
-6692
-6504
-6377
-6312
-6441
-6630
-6754
-6754
-6754
-6630
-6441
-6312
-6247
-6377
-6567
-6692
-6692
-6692
-6567
-6377
-6247
-6182
-6312
-6504
-6630
-6630
-6630
-6504
-6312
-6182
-6116
-6247
-6441
-6567
-6567
-6567
-6441
-6247
-6116
-6050
-6182
-6377
-6504
-6504
-6504
-6377
-6182
-6050
-5984
-6116
-6312
-6441
-6441
-6441
-6312
-6116
-5984
-5917
-6050
-6247
-6377
-6377
-6377
-6247
-6050
-5917
-5849
-5984
-6182
-6312
-6312
-6312
-6182
-5984
-5849
-5781
-5917
-6116
-6247
-6247
-6247
-6116
-5917
-5781
-5713
-5849
-6050
-6182
-6182
-6182
-6050
-5849
-5713
-5645
-5781
-5984
-6116
-6116
-6116
-5984
-5781
-5645
-5576
-5713
-5917
-6050
-6050
-6050
-5917
-5713
-5576
-5506
-5645
-5849
-5984
-5984
-5984
-5849
-5645
-5506
-5437
-5576
-5781
-5917
-5917
-5917
-5781
-5576
-5437
-5366
-5506
-5713
-5849
-5849
-5849
-5713
-5506
-5366
-5296
-5437
-5645
-5781
-5781
-5781
-5645
-5437
-5296
-5225
-5366
-5576
-5713
-5713
-5713
-5576
-5366
-5225
-5154
-5296
-5506
-5645
-5645
-5645
-5506
-5296
-5154
-5082
-5225
-5437
-5576
-5576
-5576
-5437
-5225
-5082
-5010
-5154
-5366
-5506
-5506
-5506
-5366
-5154
-5010
-4938
-5082
-5296
-5437
-5437
-5437
-5296
-5082
-4938
-4865
-5010
-5225
-5366
-5366
-5366
-5225
-5010
-4865
-4792
-4938
-5154
-5296
-5296
-5296
-5154
-4938
-4792
-4719
-4865
-5082
-5225
-5225
-5225
-5082
-4865
-4719
-4646
-4792
-5010
-5154
-5154
-5154
-5010
-4792
-4646
-4572
-4719
-4938
-5082
-5082
-5082
-4938
-4719
-4572
-4497
-4646
-4865
-5010
-5010
-5010
-4865
-4646
-4497
-4423
-4572
-4792
-4938
-4938
-4938
-4792
-4572
-4423
-4348
-4497
-4719
-4865
-4865
-4865
-4719
-4497
-4348
-4273
-4423
-4646
-4792
-4792
-4792
-4646
-4423
-4273
-4197
-4348
-4572
-4719
-4719
-4719
-4572
-4348
-4197
-4121
-4273
-4497
-4646
-4646
-4646
-4497
-4273
-4121
-4045
-4197
-4423
-4572
-4572
-4572
-4423
-4197
-4045
-3969
-4121
-4348
-4497
-4497
-4497
-4348
-4121
-3969
-3892
-4045
-4273
-4423
-4423
-4423
-4273
-4045
-3892
-3815
-3969
-4197
-4348
-4348
-4348
-4197
-3969
-3815
-3738
-3892
-4121
-4273
-4273
-4273
-4121
-3892
-3738
-3661
-3815
-4045
-4197
-4197
-4197
-4045
-3815
-3661
-3583
-3738
-3969
-4121
-4121
-4121
-3969
-3738
-3583
-3505
-3661
-3892
-4045
-4045
-4045
-3892
-3661
-3505
-3427
-3583
-3815
-3969
-3969
-3969
-3815
-3583
-3427
-3349
-3505
-3738
-3892
-3892
-3892
-3738
-3505
-3349
-3270
-3427
-3661
-3815
-3815
-3815
-3661
-3427
-3270
-3191
-3349
-3583
-3738
-3738
-3738
-3583
-3349
-3191
-3112
-3270
-3505
-3661
-3661
-3661
-3505
-3270
-3112
-3033
-3191
-3427
-3583
-3583
-3583
-3427
-3191
-3033
-2953
-3112
-3349
-3505
-3505
-3505
-3349
-3112
-2953
-2874
-3033
-3270
-3427
-3427
-3427
-3270
-3033
-2874
-2794
-2953
-3191
-3349
-3349
-3349
-3191
-2953
-2794
-2714
-2874
-3112
-3270
-3270
-3270
-3112
-2874
-2714
-2633
-2794
-3033
-3191
-3191
-3191
-3033
-2794
-2633
-2553
-2714
-2953
-3112
-3112
-3112
-2953
-2714
-2553
-2472
-2633
-2874
-3033
-3033
-3033
-2874
-2633
-2472
-2391
-2553
-2794
-2953
-2953
-2953
-2794
-2553
-2391
-2310
-2472
-2714
-2874
-2874
-2874
-2714
-2472
-2310
-2229
-2391
-2633
-2794
-2794
-2794
-2633
-2391
-2229
-2148
-2310
-2553
-2714
-2714
-2714
-2553
-2310
-2148
-2066
-2229
-2472
-2633
-2633
-2633
-2472
-2229
-2066
-1985
-2148
-2391
-2553
-2553
-2553
-2391
-2148
-1985
-1903
-2066
-2310
-2472
-2472
-2472
-2310
-2066
-1903
-1821
-1985
-2229
-2391
-2391
-2391
-2229
-1985
-1821
-1739
-1903
-2148
-2310
-2310
-2310
-2148
-1903
-1739
-1657
-1821
-2066
-2229
-2229
-2229
-2066
-1821
-1657
-1575
-1739
-1985
-2148
-2148
-2148
-1985
-1739
-1575
-1492
-1657
-1903
-2066
-2066
-2066
-1903
-1657
-1492
-1410
-1575
-1821
-1985
-1985
-1985
-1821
-1575
-1410
-1327
-1492
-1739
-1903
-1903
-1903
-1739
-1492
-1327
-1245
-1410
-1657
-1821
-1821
-1821
-1657
-1410
-1245
-1162
-1327
-1575
-1739
-1739
-1739
-1575
-1327
-1162
-1079
-1245
-1492
-1657
-1657
-1657
-1492
-1245
-1079
-996
-1162
-1410
-1575
-1575
-1575
-1410
-1162
-996
-913
-1079
-1327
-1492
-1492
-1492
-1327
-1079
-913
-830
-996
-1245
-1410
-1410
-1410
-1245
-996
-830
-747
-913
-1162
-1327
-1327
-1327
-1162
-913
-747
-664
-830
-1079
-1245
-1245
-1245
-1079
-830
-664
-581
-747
-996
-1162
-1162
-1162
-996
-747
-581
-498
-664
-913
-1079
-1079
-1079
-913
-664
-498
-415
-581
-830
-996
-996
-996
-830
-581
-415
-331
-498
-747
-913
-913
-913
-747
-498
-331
-248
-415
-664
-830
-830
-830
-664
-415
-248
-165
-331
-581
-747
-747
-747
-581
-331
-165
-81
-248
-498
-664
-664
-664
-498
-248
-81
1
-165
-415
-581
-581
-581
-415
-165
1
84
-81
-331
-498
-498
-498
-331
-81
84
168
1
-248
-415
-415
-415
-248
1
168
251
84
-165
-331
-331
-331
-165
84
251
334
168
-81
-248
-248
-248
-81
168
334
418
251
1
-165
-165
-165
1
251
418
501
334
84
-81
-81
-81
84
334
501
584
418
168
1
1
1
168
418
584
667
501
251
84
84
84
251
501
667
750
584
334
168
168
168
334
584
750
833
667
418
251
251
251
418
667
833
916
750
501
334
334
334
501
750
916
999
833
584
418
418
418
584
833
999
1082
916
667
501
501
501
667
916
1082
1165
999
750
584
584
584
750
999
1165
1248
1082
833
667
667
667
833
1082
1248
1330
1165
916
750
750
750
916
1165
1330
1413
1248
999
833
833
833
999
1248
1413
1495
1330
1082
916
916
916
1082
1330
1495
1578
1413
1165
999
999
999
1165
1413
1578
1660
1495
1248
1082
1082
1082
1248
1495
1660
1742
1578
1330
1165
1165
1165
1330
1578
1742
1824
1660
1413
1248
1248
1248
1413
1660
1824
1906
1742
1495
1330
1330
1330
1495
1742
1906
1988
1824
1578
1413
1413
1413
1578
1824
1988
2069
1906
1660
1495
1495
1495
1660
1906
2069
2151
1988
1742
1578
1578
1578
1742
1988
2151
2232
2069
1824
1660
1660
1660
1824
2069
2232
2313
2151
1906
1742
1742
1742
1906
2151
2313
2394
2232
1988
1824
1824
1824
1988
2232
2394
2475
2313
2069
1906
1906
1906
2069
2313
2475
2556
2394
2151
1988
1988
1988
2151
2394
2556
2636
2475
2232
2069
2069
2069
2232
2475
2636
2716
2556
2313
2151
2151
2151
2313
2556
2716
2796
2636
2394
2232
2232
2232
2394
2636
2796
2876
2716
2475
2313
2313
2313
2475
2716
2876
2956
2796
2556
2394
2394
2394
2556
2796
2956
3036
2876
2636
2475
2475
2475
2636
2876
3036
3115
2956
2716
2556
2556
2556
2716
2956
3115
3194
3036
2796
2636
2636
2636
2796
3036
3194
3273
3115
2876
2716
2716
2716
2876
3115
3273
3351
3194
2956
2796
2796
2796
2956
3194
3351
3430
3273
3036
2876
2876
2876
3036
3273
3430
3508
3351
3115
2956
2956
2956
3115
3351
3508
3586
3430
3194
3036
3036
3036
3194
3430
3586
3664
3508
3273
3115
3115
3115
3273
3508
3664
3741
3586
3351
3194
3194
3194
3351
3586
3741
3818
3664
3430
3273
3273
3273
3430
3664
3818
3895
3741
3508
3351
3351
3351
3508
3741
3895
3972
3818
3586
3430
3430
3430
3586
3818
3972
4048
3895
3664
3508
3508
3508
3664
3895
4048
4124
3972
3741
3586
3586
3586
3741
3972
4124
4200
4048
3818
3664
3664
3664
3818
4048
4200
4275
4124
3895
3741
3741
3741
3895
4124
4275
4350
4200
3972
3818
3818
3818
3972
4200
4350
4425
4275
4048
3895
3895
3895
4048
4275
4425
4500
4350
4124
3972
3972
3972
4124
4350
4500
4574
4425
4200
4048
4048
4048
4200
4425
4574
4648
4500
4275
4124
4124
4124
4275
4500
4648
4722
4574
4350
4200
4200
4200
4350
4574
4722
4795
4648
4425
4275
4275
4275
4425
4648
4795
4868
4722
4500
4350
4350
4350
4500
4722
4868
4941
4795
4574
4425
4425
4425
4574
4795
4941
5013
4868
4648
4500
4500
4500
4648
4868
5013
5085
4941
4722
4574
4574
4574
4722
4941
5085
5156
5013
4795
4648
4648
4648
4795
5013
5156
5228
5085
4868
4722
4722
4722
4868
5085
5228
5298
5156
4941
4795
4795
4795
4941
5156
5298
5369
5228
5013
4868
4868
4868
5013
5228
5369
5439
5298
5085
4941
4941
4941
5085
5298
5439
5509
5369
5156
5013
5013
5013
5156
5369
5509
5578
5439
5228
5085
5085
5085
5228
5439
5578
5647
5509
5298
5156
5156
5156
5298
5509
5647
5716
5578
5369
5228
5228
5228
5369
5578
5716
5784
5647
5439
5298
5298
5298
5439
5647
5784
5852
5716
5509
5369
5369
5369
5509
5716
5852
5919
5784
5578
5439
5439
5439
5578
5784
5919
5986
5852
5647
5509
5509
5509
5647
5852
5986
6053
5919
5716
5578
5578
5578
5716
5919
6053
6119
5986
5784
5647
5647
5647
5784
5986
6119
6184
6053
5852
5716
5716
5716
5852
6053
6184
6250
6119
5919
5784
5784
5784
5919
6119
6250
6314
6184
5986
5852
5852
5852
5986
6184
6314
6379
6250
6053
5919
5919
5919
6053
6250
6379
6443
6314
6119
5986
5986
5986
6119
6314
6443
6506
6379
6184
6053
6053
6053
6184
6379
6506
6569
6443
6250
6119
6119
6119
6250
6443
6569
6632
6506
6314
6184
6184
6184
6314
6506
6632
6694
6569
6379
6250
6250
6250
6379
6569
6694
6756
6632
6443
6314
6314
6314
6443
6632
6756
6817
6694
6506
6379
6379
6379
6506
6694
6817
6878
6756
6569
6443
6443
6443
6569
6756
6878
6938
6817
6632
6506
6506
6506
6632
6817
6938
6998
6878
6694
6569
6569
6569
6694
6878
6998
7057
6938
6756
6632
6632
6632
6756
6938
7057
7116
6998
6817
6694
6694
6694
6817
6998
7116
7174
7057
6878
6756
6756
6756
6878
7057
7174
7232
7116
6938
6817
6817
6817
6938
7116
7232
7289
7174
6998
6878
6878
6878
6998
7174
7289
7346
7232
7057
6938
6938
6938
7057
7232
7346
7402
7289
7116
6998
6998
6998
7116
7289
7402
7458
7346
7174
7057
7057
7057
7174
7346
7458
7513
7402
7232
7116
7116
7116
7232
7402
7513
7568
7458
7289
7174
7174
7174
7289
7458
7568
7622
7513
7346
7232
7232
7232
7346
7513
7622
7676
7568
7402
7289
7289
7289
7402
7568
7676
7729
7622
7458
7346
7346
7346
7458
7622
7729
7782
7676
7513
7402
7402
7402
7513
7676
7782
7834
7729
7568
7458
7458
7458
7568
7729
7834
7885
7782
7622
7513
7513
7513
7622
7782
7885
7936
7834
7676
7568
7568
7568
7676
7834
7936
7987
7885
7729
7622
7622
7622
7729
7885
7987
8036
7936
7782
7676
7676
7676
7782
7936
8036
8086
7987
7834
7729
7729
7729
7834
7987
8086
8135
8036
7885
7782
7782
7782
7885
8036
8135
8183
8086
7936
7834
7834
7834
7936
8086
8183
8230
8135
7987
7885
7885
7885
7987
8135
8230
8277
8183
8036
7936
7936
7936
8036
8183
8277
8324
8230
8086
7987
7987
7987
8086
8230
8324
8370
8277
8135
8036
8036
8036
8135
8277
8370
8415
8324
8183
8086
8086
8086
8183
8324
8415
8460
8370
8230
8135
8135
8135
8230
8370
8460
8504
8415
8277
8183
8183
8183
8277
8415
8504
8547
8460
8324
8230
8230
8230
8324
8460
8547
8590
8504
8370
8277
8277
8277
8370
8504
8590
8633
8547
8415
8324
8324
8324
8415
8547
8633
8674
8590
8460
8370
8370
8370
8460
8590
8674
8716
8633
8504
8415
8415
8415
8504
8633
8716
8756
8674
8547
8460
8460
8460
8547
8674
8756
8796
8716
8590
8504
8504
8504
8590
8716
8796
8835
8756
8633
8547
8547
8547
8633
8756
8835
8874
8796
8674
8590
8590
8590
8674
8796
8874
8912
8835
8716
8633
8633
8633
8716
8835
8912
8950
8874
8756
8674
8674
8674
8756
8874
8950
8987
8912
8796
8716
8716
8716
8796
8912
8987
9023
8950
8835
8756
8756
8756
8835
8950
9023
9058
8987
8874
8796
8796
8796
8874
8987
9058
9093
9023
8912
8835
8835
8835
8912
9023
9093
9128
9058
8950
8874
8874
8874
8950
9058
9128
9161
9093
8987
8912
8912
8912
8987
9093
9161
9195
9128
9023
8950
8950
8950
9023
9128
9195
9227
9161
9058
8987
8987
8987
9058
9161
9227
9259
9195
9093
9023
9023
9023
9093
9195
9259
9290
9227
9128
9058
9058
9058
9128
9227
9290
9320
9259
9161
9093
9093
9093
9161
9259
9320
9350
9290
9195
9128
9128
9128
9195
9290
9350
9379
9320
9227
9161
9161
9161
9227
9320
9379
9408
9350
9259
9195
9195
9195
9259
9350
9408
9436
9379
9290
9227
9227
9227
9290
9379
9436
9463
9408
9320
9259
9259
9259
9320
9408
9463
9490
9436
9350
9290
9290
9290
9350
9436
9490
9516
9463
9379
9320
9320
9320
9379
9463
9516
9541
9490
9408
9350
9350
9350
9408
9490
9541
9566
9516
9436
9379
9379
9379
9436
9516
9566
9590
9541
9463
9408
9408
9408
9463
9541
9590
9613
9566
9490
9436
9436
9436
9490
9566
9613
9635
9590
9516
9463
9463
9463
9516
9590
9635
9657
9613
9541
9490
9490
9490
9541
9613
9657
9679
9635
9566
9516
9516
9516
9566
9635
9679
9699
9657
9590
9541
9541
9541
9590
9657
9699
9719
9679
9613
9566
9566
9566
9613
9679
9719
9738
9699
9635
9590
9590
9590
9635
9699
9738
9757
9719
9657
9613
9613
9613
9657
9719
9757
9775
9738
9679
9635
9635
9635
9679
9738
9775
9792
9757
9699
9657
9657
9657
9699
9757
9792
9809
9775
9719
9679
9679
9679
9719
9775
9809
9825
9792
9738
9699
9699
9699
9738
9792
9825
9840
9809
9757
9719
9719
9719
9757
9809
9840
9854
9825
9775
9738
9738
9738
9775
9825
9854
9868
9840
9792
9757
9757
9757
9792
9840
9868
9881
9854
9809
9775
9775
9775
9809
9854
9881
9894
9868
9825
9792
9792
9792
9825
9868
9894
9905
9881
9840
9809
9809
9809
9840
9881
9905
9916
9894
9854
9825
9825
9825
9854
9894
9916
9927
9905
9868
9840
9840
9840
9868
9905
9927
9936
9916
9881
9854
9854
9854
9881
9916
9936
9945
9927
9894
9868
9868
9868
9894
9927
9945
9954
9936
9905
9881
9881
9881
9905
9936
9954
9961
9945
9916
9894
9894
9894
9916
9945
9961
9968
9954
9927
9905
9905
9905
9927
9954
9968
9975
9961
9936
9916
9916
9916
9936
9961
9975
9980
9968
9945
9927
9927
9927
9945
9968
9980
9985
9975
9954
9936
9936
9936
9954
9975
9985
9989
9980
9961
9945
9945
9945
9961
9980
9989
9993
9985
9968
9954
9954
9954
9968
9985
9993
9995
9989
9975
9961
9961
9961
9975
9989
9995
9997
9993
9980
9968
9968
9968
9980
9993
9997
9999
9995
9985
9975
9975
9975
9985
9995
9999
9999
9997
9989
9980
9980
9980
9989
9997
9999
9999
9999
9993
9985
9985
9985
9993
9999
9999
9999
9999
9995
9989
9989
9989
9995
9999
9999
9997
9999
9997
9993
9993
9993
9997
9999
9997
9995
9999
9999
9995
9995
9995
9999
9999
9995
9992
9997
9999
9997
9997
9997
9999
9997
9992
9989
9995
9999
9999
9999
9999
9999
9995
9989
9985
9992
9999
9999
9999
9999
9999
9992
9985
9980
9989
9997
9999
9999
9999
9997
9989
9980
9974
9985
9995
9999
9999
9999
9995
9985
9974
9968
9980
9992
9997
9997
9997
9992
9980
9968
9961
9974
9989
9995
9995
9995
9989
9974
9961
9953
9968
9985
9992
9992
9992
9985
9968
9953
9945
9961
9980
9989
9989
9989
9980
9961
9945
9936
9953
9974
9985
9985
9985
9974
9953
9936
9926
9945
9968
9980
9980
9980
9968
9945
9926
9916
9936
9961
9974
9974
9974
9961
9936
9916
9905
9926
9953
9968
9968
9968
9953
9926
9905
9893
9916
9945
9961
9961
9961
9945
9916
9893
9881
9905
9936
9953
9953
9953
9936
9905
9881
9867
9893
9926
9945
9945
9945
9926
9893
9867
9854
9881
9916
9936
9936
9936
9916
9881
9854
9839
9867
9905
9926
9926
9926
9905
9867
9839
9824
9854
9893
9916
9916
9916
9893
9854
9824
9808
9839
9881
9905
9905
9905
9881
9839
9808
9791
9824
9867
9893
9893
9893
9867
9824
9791
9774
9808
9854
9881
9881
9881
9854
9808
9774
9756
9791
9839
9867
9867
9867
9839
9791
9756
9738
9774
9824
9854
9854
9854
9824
9774
9738
9718
9756
9808
9839
9839
9839
9808
9756
9718
9698
9738
9791
9824
9824
9824
9791
9738
9698
9678
9718
9774
9808
9808
9808
9774
9718
9678
9656
9698
9756
9791
9791
9791
9756
9698
9656
9634
9678
9738
9774
9774
9774
9738
9678
9634
9612
9656
9718
9756
9756
9756
9718
9656
9612
9589
9634
9698
9738
9738
9738
9698
9634
9589
9565
9612
9678
9718
9718
9718
9678
9612
9565
9540
9589
9656
9698
9698
9698
9656
9589
9540
9515
9565
9634
9678
9678
9678
9634
9565
9515
9489
9540
9612
9656
9656
9656
9612
9540
9489
9462
9515
9589
9634
9634
9634
9589
9515
9462
9435
9489
9565
9612
9612
9612
9565
9489
9435
9407
9462
9540
9589
9589
9589
9540
9462
9407
9378
9435
9515
9565
9565
9565
9515
9435
9378
9349
9407
9489
9540
9540
9540
9489
9407
9349
9319
9378
9462
9515
9515
9515
9462
9378
9319
9289
9349
9435
9489
9489
9489
9435
9349
9289
9257
9319
9407
9462
9462
9462
9407
9319
9257
9226
9289
9378
9435
9435
9435
9378
9289
9226
9193
9257
9349
9407
9407
9407
9349
9257
9193
9160
9226
9319
9378
9378
9378
9319
9226
9160
9126
9193
9289
9349
9349
9349
9289
9193
9126
9092
9160
9257
9319
9319
9319
9257
9160
9092
9057
9126
9226
9289
9289
9289
9226
9126
9057
9021
9092
9193
9257
9257
9257
9193
9092
9021
8985
9057
9160
9226
9226
9226
9160
9057
8985
8948
9021
9126
9193
9193
9193
9126
9021
8948
8911
8985
9092
9160
9160
9160
9092
8985
8911
8872
8948
9057
9126
9126
9126
9057
8948
8872
8834
8911
9021
9092
9092
9092
9021
8911
8834
8794
8872
8985
9057
9057
9057
8985
8872
8794
8754
8834
8948
9021
9021
9021
8948
8834
8754
8714
8794
8911
8985
8985
8985
8911
8794
8714
8673
8754
8872
8948
8948
8948
8872
8754
8673
8631
8714
8834
8911
8911
8911
8834
8714
8631
8588
8673
8794
8872
8872
8872
8794
8673
8588
8545
8631
8754
8834
8834
8834
8754
8631
8545
8502
8588
8714
8794
8794
8794
8714
8588
8502
8458
8545
8673
8754
8754
8754
8673
8545
8458
8413
8502
8631
8714
8714
8714
8631
8502
8413
8368
8458
8588
8673
8673
8673
8588
8458
8368
8322
8413
8545
8631
8631
8631
8545
8413
8322
8275
8368
8502
8588
8588
8588
8502
8368
8275
8228
8322
8458
8545
8545
8545
8458
8322
8228
8181
8275
8413
8502
8502
8502
8413
8275
8181
8132
8228
8368
8458
8458
8458
8368
8228
8132
8084
8181
8322
8413
8413
8413
8322
8181
8084
8034
8132
8275
8368
8368
8368
8275
8132
8034
7984
8084
8228
8322
8322
8322
8228
8084
7984
7934
8034
8181
8275
8275
8275
8181
8034
7934
7883
7984
8132
8228
8228
8228
8132
7984
7883
7831
7934
8084
8181
8181
8181
8084
7934
7831
