0
0
0
0
0
0
0
0
0
0
0
0
0
0
0
0
0
0
0
0
0
-4
-12
-18
-10
17
47
44
-10
-85
-104
-10
150
226
88
-211
-412
-238
306
801
662
-388
-1966
-3176
-3194
-1881
91
1701
2290
1949
1339
1127
1528
2268
2919
3259
3381
3527
3859
4349
4865
5296
5629
5918
6218
6545
6874
7176
7428
7620
7753
7837
7891
7934
7973
7996
7976
7890
7722
7475
7166
6815
6444
6069
5696
5318
4918
4481
3999
3487
2962
2441
1921
1390
843
290
-244
-735
-1175
-1576
-1962
-2350
-2747
-3154
-3572
-4002
-4442
-4881
-5303
-5693
-6044
-6360
-6648
-6915
-7165
-7393
-7594
-7759
-7881
-7956
-7986
-7985
-7963
-7926
-7865
-7762
-7604
-7392
-7144
-6886
-6634
-6389
-6135
-5854
-5533
-5173
-4784
-4383
-3982
-3593
-3215
-2846
-2483
-2130
-1798
-1498
-1231
-981
-726
-448
-149
153
436
687
915
1144
1394
1673
1975
2285
2592
2895
3204
3533
3885
4255
4627
4983
5315
5624
5919
6208
6494
6773
7038
7276
7476
7623
7708
7735
7720
7683
7634
7564
7448
7266
7012
6703
6362
6000
5615
5193
4733
4245
3745
3246
2749
2246
1730
1204
678
161
-344
-837
-1318
-1780
-2217
-2628
-3019
-3404
-3793
-4185
-4565
-4918
-5237
-5531
-5819
-6120
-6435
-6750
-7040
-7288
-7491
-7656
-7793
-7908
-7993
-8041
-8046
-8007
-7929
-7813
-7663
-7484
-7282
-7065
-6832
-6572
-6277
-5941
-5575
-5197
-4821
-4454
-4092
-3726
-3355
-2984
-2625
-2284
-1962
-1650
-1338
-1020
-696
-372
-62
223
482
723
964
1227
1524
1852
2192
2525
2839
3136
3429
3730
4043
4362
4681
4996
5311
5634
5965
6294
6609
6900
7164
7402
7616
7798
7939
8034
8085
8098
8078
8022
7916
7748
7513
7217
6876
6507
6120
5720
5303
4866
4405
3923
3425
2924
2430
1951
1484
1014
530
30
-472
-955
-1401
-1815
-2218
-2636
-3082
-3545
-4000
-4424
-4808
-5157
-5483
-5795
-6097
-6389
-6676
-6955
-7220
-7456
-7646
-7782
-7868
-7917
-7945
-7956
-7949
-7914
-7846
-7742
-7601
-7423
-7208
-6958
-6676
-6371
-6049
-5711
-5360
-5002
-4645
-4296
-3959
-3625
-3279
-2912
-2530
-2152
-1800
-1488
-1212
-955
-694
-415
-118
183
473
740
991
1244
1525
1850
2211
2583
2937
3260
3565
3878
4222
4593
4968
5316
5628
5917
6211
6521
6833
7113
7330
7473
7556
7602
7623
7614
7566
7471
7339
7181
6997
6778
6511
6193
5839
5468
5090
4692
4254
3763
3232
2692
2173
1686
1217
745
257
-244
-741
-1218
-1665
-2088
-2497
-2906
-3324
-3749
-4170
-4567
-4921
-5227
-5501
-5768
-6050
-6354
-6667
-6971
-7249
-7492
-7695
-7852
-7951
-7990
-7975
-7925
-7862
-7796
-7720
-7611
-7447
-7220
-6939
-6629
-6314
-6009
-5712
-5408
-5080
-4719
-4333
-3940
-3560
-3206
-2874
-2548
-2215
-1868
-1517
-1181
-876
-608
-365
-126
129
406
694
970
1218
1441
1667
1927
2242
2598
2960
3288
3569
3824
4095
4415
4789
5189
5579
5932
6246
6534
6810
7072
7303
7482
7599
7661
7690
7711
7731
7735
7695
7583
7392
7137
6844
6534
6209
5857
5465
5029
4562
4079
3591
3100
2605
2106
1606
1106
607
111
-375
-843
-1289
-1714
-2129
-2542
-2958
-3367
-3761
-4133
-4485
-4828
-5170
-5511
-5844
-6156
-6434
-6673
-6877
-7059
-7228
-7384
-7513
-7597
-7623
-7591
-7513
-7399
-7254
-7073
-6854
-6605
-6343
-6080
-5817
-5540
-5236
-4902
-4548
-4190
-3839
-3495
-3154
-2817
-2487
-2162
-1836
-1502
-1162
-835
-547
-310
-106
98
335
612
905
1180
1418
1630
1845
2091
2375
2681
2987
3280
3567
3863
4184
4529
4887
5241
5578
5897
6203
6501
6792
7066
7313
7521
7681
7793
7863
7900
7910
7895
7846
7756
7616
7426
7191
6912
6591
6227
5819
5374
4903
4415
3921
3423
2926
2430
1938
1447
955
455
-54
-563
-1058
-1523
-1949
-2343
-2723
-3110
-3515
-3931
-4340
-4724
-5078
-5412
-5738
-6059
-6364
-6635
-6863
-7054
-7224
-7385
-7534
-7651
-7711
-7704
-7635
-7527
-7400
-7263
-7115
-6946
-6745
-6507
-6232
-5925
-5596
-5254
-4906
-4553
-4191
-3813
-3419
-3018
-2625
-2256
-1920
-1613
-1322
-1036
-747
-455
-167
111
377
630
872
1106
1338
1577
1835
2120
2430
2752
3064
3353
3622
3894
4199
4556
4954
5362
5744
6077
6366
6633
6898
7165
7419
7635
7794
7894
7950
7975
7972
7935
7851
7717
7540
7332
7097
6828
6510
6137
5719
5278
4834
4391
3941
3470
2976
2467
1958
1462
982
514
56
-393
-834
-1272
-1716
-2173
-2639
-3102
-3547
-3962
-4343
-4699
-5037
-5367
-5687
-5990
-6268
-6513
-6727
-6919
-7100
-7269
-7416
-7519
-7561
-7539
-7466
-7363
-7245
-7110
-6944
-6734
-6475
-6181
-5871
-5562
-5256
-4944
-4609
-4242
-3850
-3451
-3061
-2690
-2335
-1990
-1651
-1322
-1012
-724
-450
-177
109
409
720
1030
1331
1620
1899
2173
2448
2729
3023
3333
3658
3996
4343
4696
5053
5410
5764
6115
6462
6805
7140
7458
7745
7993
8203
8381
8532
8655
8745
8794
8798
8753
8658
8505
8294
8034
7745
7448
7151
6842
6498
6098
5641
5147
4642
4147
3668
3196
2720
2232
1733
1229
733
256
-198
-634
-1061
-1489
-1923
-2359
-2786
-3198
-3595
-3979
-4355
-4721
-5071
-5399
-5702
-5986
-6254
-6510
-6747
-6952
-7110
-7210
-7248
-7233
-7180
-7105
-7022
-6931
-6825
-6683
-6490
-6239
-5939
-5609
-5272
-4938
-4605
-4265
-3915
-3561
-3212
-2874
-2541
-2202
-1852
-1502
-1167
-859
-567
-267
62
415
761
1061
1294
1471
1635
1828
2072
2361
2676
3002
3337
3682
4035
4386
4729
5069
5422
5797
6186
6562
6899
7188
7440
7678
7915
8143
8338
8479
8561
8598
8607
8592
8540
8428
8236
7966
7639
7288
6937
6586
6215
5804
5347
4860
4368
3890
3421
2942
2433
1889
1326
774
254
-223
-666
-1091
-1514
-1940
-2365
-2780
-3178
-3557
-3925
-4286
-4646
-5000
-5337
-5649
-5930
-6184
-6419
-6642
-6854
-7044
-7200
-7313
-7380
-7407
-7397
-7351
-7266
-7140
-6979
-6789
-6576
-6336
-6060
-5743
-5394
-5032
-4680
-4350
-4039
-3733
-3417
-3084
-2740
-2392
-2047
-1707
-1371
-1038
-709
-382
-54
274
595
893
1157
1384
1594
1813
2067
2360
2684
3024
3368
3714
4063
4413
4762
5115
5484
5876
6286
6695
7078
7420
7728
8017
8295
8552
8768
8929
9033
9090
9109
9090
9027
8919
8769
8588
8374
8120
7814
7453
7053
6634
6214
5790
5347
4871
4361
3831
3303
2794
2306
1836
1375
918
461
1
-462
-921
-1364
-1779
-2168
-2549
-2942
-3354
-3764
-4136
-4443
-4692
-4919
-5170
-5465
-5780
-6068
-6280
-6405
-6467
-6509
-6566
-6641
-6709
-6735
-6693
-6578
-6403
-6193
-5966
-5732
-5482
-5205
-4893
-4548
-4187
-3831
-3492
-3165
-2837
-2492
-2127
-1749
-1375
-1018
-680
-355
-32
295
628
964
1293
1605
1892
2151
2389
2625
2881
3172
3498
3841
4179
4499
4807
5126
5473
5851
6239
6606
6931
7213
7473
7736
8017
8308
8582
8815
8989
9108
9180
9211
9199
9134
9009
8831
8614
8377
8127
7858
7554
7199
6789
6335
5859
5379
4904
4431
3953
3468
2980
2494
2011
1529
1046
566
98
-351
-780
-1197
-1615
-2041
-2470
-2894
-3300
-3682
-4039
-4375
-4695
-5003
-5301
-5588
-5859
-6107
-6325
-6512
-6673
-6808
-6914
-6980
-6997
-6965
-6892
-6795
-6680
-6541
-6363
-6136
-5863
-5559
-5244
-4931
-4624
-4317
-4007
-3692
-3373
-3049
-2716
-2374
-2027
-1683
-1357
-1057
-782
-521
-260
11
288
563
825
1074
1316
1561
1817
2090
2384
2700
3036
3380
3716
4033
4335
4633
4942
5268
5604
5940
6268
6586
6893
7180
7434
7647
7824
7975
8105
8209
8267
8258
8174
8021
7815
7574
7307
7019
6714
6391
6047
5671
5252
4785
4277
3750
3225
2717
2227
1749
1274
796
314
-167
-641
-1099
-1535
-1951
-2353
-2757
-3169
-3585
-3986
-4354
-4684
-4986
-5279
-5576
-5873
-6152
-6390
-6577
-6717
-6827
-6929
-7035
-7139
-7220
-7250
-7213
-7111
-6966
-6803
-6632
-6443
-6220
-5955
-5657
-5347
-5041
-4740
-4436
-4121
-3794
-3463
-3132
-2796
-2449
-2089
-1727
-1380
-1055
-750
-454
-156
147
454
762
1071
1377
1673
1954
2220
2484
2762
3068
3400
3749
4099
4449
4802
5169
5551
5936
6310
6663
6999
7330
7665
7995
8296
8542
8721
8842
8928
9002
9066
9100
9070
8951
8739
8461
8157
7856
7564
7260
6918
6520
6073
5597
5109
4615
4111
3593
3072
2563
2073
1599
1126
641
145
-350
-828
-1280
-1708
-2124
-2540
-2963
-3393
-3815
-4210
-4559
-4859
-5126
-5388
-5665
-5958
-6248
-6509
-6723
-6892
-7025
-7131
-7203
-7228
-7191
-7093
-6950
-6785
-6613
-6432
-6227
-5982
-5692
-5366
-5019
-4666
-4315
-3968
-3628
-3292
-2956
-2611
-2249
-1874
-1504
-1162
-862
-599
-349
-87
199
501
795
1059
1288
1497
1716
1970
2268
2594
2922
3231
3520
3806
4114
4459
4835
5223
5598
5944
6256
6543
6819
7099
7391
7691
7983
8238
8435
8562
8630
8657
8658
8631
8561
8431
8235
7987
7712
7429
7136
6819
6456
6037
5569
5073
4568
4067
3565
3055
2530
1994
1458
934
433
-43
-500
-944
-1383
-1818
-2246
-2664
-3068
-3457
-3839
-4217
-4595
-4967
-5318
-5637
-5917
-6164
-6392
-6610
-6814
-6989
-7119
-7198
-7237
-7250
-7245
-7215
-7142
-7011
-6824
-6599
-6360
-6121
-5881
-5625
-5336
-5010
-4658
-4301
-3959
-3641
-3343
-3049
-2739
-2398
-2024
-1631
-1245
-890
-579
-304
-41
230
518
811
1093
1354
1599
1845
2111
2404
2719
3044
3368
3690
4017
4359
4719
5092
5462
5812
6135
6438
6734
7036
7339
7626
7876
8076
8229
8344
8428
8479
8488
8448
8362
8240
8091
7914
7700
7438
7125
6768
6377
5955
5501
5013
4498
3975
3466
2981
2506
2017
1494
941
385
-142
-621
-1055
-1465
-1867
-2272
-2678
-3083
-3490
-3897
-4294
-4666
-5000
-5301
-5588
-5886
-6199
-6510
-6784
-6995
-7141
-7242
-7327
-7410
-7480
-7511
-7478
-7371
-7206
-7013
-6820
-6638
-6454
-6243
-5983
-5668
-5316
-4960
-4623
-4310
-4003
-3677
-3321
-2941
-2562
-2205
-1881
-1582
-1299
-1021
-746
-474
-200
81
366
646
901
1123
1319
1515
1742
2017
2338
2683
3032
3373
3709
4050
4406
4779
5164
5551
5924
6265
6566
6829
7068
7304
7542
7771
7966
8102
8171
8179
8142
8071
7966
7819
7628
7396
7130
6835
6511
6153
5756
5317
4838
4331
3812
3298
2798
2312
1831
1345
848
340
-170
-670
-1150
-1604
-2033
-2448
-2865
-3297
-3742
-4181
-4589
-4947
-5258
-5541
-5826
-6125
-6430
-6717
-6961
-7152
-7294
-7403
-7489
-7556
-7600
-7612
-7582
-7504
-7376
-7205
-7005
-6790
-6567
-6326
-6051
-5726
-5360
-4979
-4619
-4301
-4017
-3734
-3417
-3052
-2654
-2259
-1900
-1588
-1312
-1049
-781
-503
-220
58
324
577
819
1058
1300
1553
1823
2114
2423
2746
3074
3398
3717
4032
4352
4687
5041
5407
5773
6123
6455
6773
7082
7375
7631
7821
7930
7970
7969
7963
7964
7963
7929
7832
7657
7409
7106
6769
6415
6047
5660
5242
4781
4277
3744
3206
2687
2196
1727
1260
778
277
-229
-723
-1192
-1637
-2069
-2501
-2936
-3366
-3780
-4173
-4549
-4919
-5289
-5654
-6002
-6319
-6599
-6848
-7077
-7288
-7476
-7628
-7737
-7808
-7858
-7898
-7929
-7932
-7881
-7763
-7582
-7360
-7120
-6873
-6614
-6335
-6036
-5726
-5417
-5112
-4799
-4464
-4099
-3714
-3328
-2962
-2627
-2322
-2037
-1762
-1489
-1214
-933
-648
-363
-87
171
408
628
847
1087
1368
1692
2046
2402
2737
3038
3318
3602
3916
4268
4652
5046
5428
5783
6106
6396
6654
6878
7073
7242
7384
7493
7552
7546
7473
7346
7186
7008
6811
6583
6311
5992
5637
5262
4872
4462
4022
3545
3034
2500
1958
1420
893
381
-122
-621
-1119
-1611
-2085
-2532
-2956
-3370
-3790
-4215
-4628
-5005
-5338
-5639
-5934
-6248
-6584
-6928
-7255
-7546
-7794
-8001
-8168
-8301
-8403
-8476
-8520
-8525
-8480
-8380
-8232
-8053
-7860
-7657
-7437
-7187
-6905
-6600
-6288
-5976
-5663
-5337
-4993
-4633
-4270
-3916
-3578
-3256
-2944
-2639
-2335
-2027
-1708
-1379
-1054
-750
-484
-253
-36
198
467
771
1089
1397
1687
1967
2251
2549
2862
3185
3521
3874
4246
4628
5003
5356
5683
5993
6294
6584
6844
7052
7192
7268
7298
7297
7267
7198
7075
6891
6658
6396
6127
5859
5581
5273
4913
4491
4016
3509
2991
2477
1974
1477
984
488
-14
-522
-1031
-1529
-2000
-2436
-2839
-3227
-3619
-4024
-4436
-4838
-5215
-5563
-5888
-6204
-6519
-6831
-7127
-7395
-7626
-7816
-7973
-8104
-8211
-8292
-8338
-8341
-8300
-8222
-8116
-7987
-7828
-7631
-7393
-7123
-6839
-6558
-6279
-5987
-5663
-5302
-4912
-4516
-4134
-3771
-3418
-3062
-2698
-2334
-1987
-1668
-1377
-1098
-811
-504
-185
128
418
684
948
1235
1557
1898
2227
2521
2785
3049
3351
3702
4087
4471
4830
5164
5491
5825
6162
6484
6769
7011
7218
7399
7555
7670
7730
7730
7680
7594
7481
7332
7134
6879
6576
6243
5899
5550
5182
4775
4317
3810
3278
2746
2229
1727
1225
709
176
-360
-876
-1353
-1787
-2190
-2582
-2980
-3390
-3807
-4219
-4618
-4996
-5355
-5697
-6027
-6353
-6679
-7007
-7329
-7630
-7890
-8097
-8245
-8341
-8398
-8431
-8449
-8457
-8447
-8405
-8317
-8169
-7962
-7707
-7422
-7120
-6810
-6490
-6155
-5803
-5436
-5057
-4671
-4286
-3909
-3544
-3194
-2854
-2520
-2191
-1869
-1560
-1265
-980
-693
-401
-106
182
456
723
998
1298
1628
1976
2319
2643
2947
3243
3548
3870
4213
4575
4954
5348
5743
6117
6446
6716
6933
7119
7292
7459
7605
7708
7748
7723
7644
7527
7383
7210
7000
6741
6431
6078
5691
5278
4839
4370
3873
3361
2854
2370
1906
1447
971
466
-63
-595
-1105
-1581
-2023
-2445
-2863
-3287
-3714
-4134
-4534
-4912
-5276
-5636
-5994
-6340
-6654
-6928
-7166
-7386
-7599
-7801
-7974
-8102
-8185
-8239
-8278
-8300
-8288
-8219
-8086
-7903
-7694
-7484
-7274
-7052
-6796
-6493
-6146
-5772
-5394
-5029
-4677
-4325
-3956
-3565
-3164
-2779
-2432
-2130
-1858
-1594
-1323
-1047
-777
-524
-284
-43
214
495
795
1103
1415
1733
2063
2411
2772
3130
3473
3795
4110
4440
4803
5196
5595
5963
6279
6541
6773
7001
7231
7448
7621
7729
7772
7770
7742
7695
7615
7479
7276
7011
6706
6384
6054
5706
5321
4884
4397
3881
3365
2873
2407
1947
1468
953
411
-129
-635
-1097
-1530
-1964
-2423
-2905
-3387
-3838
-4242
-4608
-4962
-5324
-5700
-6076
-6433
-6760
-7057
-7326
-7571
-7786
-7964
-8104
-8206
-8275
-8314
-8324
-8308
-8267
-8204
-8110
-7975
-7787
-7545
-7263
-6963
-6660
-6355
-6035
-5688
-5312
-4920
-4529
-4150
-3779
-3407
-3026
-2640
-2263
-1910
-1589
-1299
-1028
-767
-505
-241
26
293
558
823
1091
1367
1660
1976
2314
2665
3015
3354
3680
3999
4324
4664
5016
5374
5723
6057
6372
6668
6947
7204
7433
7625
7771
7867
7911
7901
7834
7713
7544
7340
7113
6864
6582
6252
5865
5428
4960
4486
4021
3571
3131
2691
2240
1767
1266
738
199
-331
-834
-1300
-1733
-2140
-2534
-2927
-3330
-3747
-4170
-4577
-4941
-5250
-5514
-5768
-6044
-6355
-6680
-6981
-7222
-7394
-7510
-7594
-7660
-7700
-7698
-7643
-7541
-7411
-7270
-7122
-6954
-6747
-6492
-6195
-5876
-5554
-5240
-4929
-4608
-4266
-3902
-3527
-3162
-2823
-2515
-2231
-1957
-1679
-1388
-1086
-781
-482
-198
68
313
546
780
1031
1311
1622
1952
2285
2605
2908
3199
3494
3806
4146
4511
4891
5270
5635
5981
6307
6614
6897
7148
7358
7525
7658
7765
7854
7920
7952
7933
7852
7706
7497
7239
6947
6636
6314
5977
5609
5195
4735
4241
3739
3250
2777
2309
1829
1330
817
304
-197
-683
-1154
-1612
-2057
-2489
-2914
-3335
-3755
-4169
-4569
-4950
-5315
-5668
-6010
-6336
-6637
-6909
-7157
-7390
-7606
-7790
-7924
-7995
-8006
-7975
-7916
-7839
-7738
-7609
-7447
-7252
-7026
-6769
-6483
-6175
-5851
-5519
-5180
-4829
-4468
-4106
-3756
-3430
-3123
-2817
-2494
-2149
-1798
-1469
-1182
-936
-709
-474
-216
65
358
652
941
1223
1503
1787
2081
2393
2721
3056
3385
3700
4008
4328
4678
5062
5461
5848
6202
6520
6808
7073
7314
7521
7682
7797
7873
7922
7947
7938
7882
7767
7595
7379
7137
6880
6602
6287
5920
5494
5022
4522
4018
3525
3046
2575
2100
1609
1099
581
70
-419
-887
-1348
-1816
-2295
-2770
-3215
-3613
-3967
-4297
-4629
-4981
-5353
-5732
-6098
-6430
-6715
-6950
-7144
-7316
-7482
-7645
-7790
-7890
-7925
-7893
-7811
-7702
-7582
-7446
-7278
-7062
-6798
-6502
-6195
-5894
-5603
-5315
-5020
-4707
-4374
-4017
-3637
-3243
-2848
-2475
-2142
-1851
-1590
-1331
-1052
-748
-432
-129
144
388
621
869
1153
1477
1832
2200
2564
2913
3245
3568
3890
4223
4574
4946
5336
5737
6134
6508
6842
7131
7384
7623
7860
8088
8281
8407
8451
8427
8367
8298
8222
8119
7961
7738
7459
7145
6809
6447
6043
5588
5090
4571
4057
3562
3079
2592
2083
1549
1004
472
-26
-483
-907
-1314
-1717
-2123
-2534
-2948
-3364
-3776
-4175
-4548
-4889
-5197
-5486
-5767
-6048
-6328
-6598
-6849
-7070
-7248
-7374
-7442
-7459
-7437
-7387
-7313
-7208
-7065
-6884
-6674
-6442
-6186
-5896
-5561
-5183
-4781
-4382
-4007
-3662
-3336
-3013
-2676
-2321
-1954
-1586
-1235
-911
-618
-345
-81
187
458
725
981
1224
1465
1720
2001
2304
2616
2923
3221
3522
3844
4193
4559
4920
5260
5582
5904
6244
6602
6958
7281
7556
7788
7998
8200
8392
8554
8659
8691
8649
8547
8397
8209
7987
7734
7449
7133
6783
6401
5987
5548
5092
4617
4121
3599
3054
2499
1955
1436
945
474
13
-444
-893
-1332
-1764
-2199
-2643
-3094
-3538
-3957
-4342
-4691
-5010
-5303
-5574
-5828
-6068
-6302
-6536
-6764
-6976
-7156
-7294
-7384
-7429
-7433
-7403
-7344
-7254
-7133
-6977
-6785
-6561
-6308
-6030
-5729
-5406
-5066
-4716
-4362
-4003
-3633
-3248
-2851
-2457
-2083
-1735
-1407
-1081
-743
-394
-45
287
591
867
1126
1383
1655
1952
2274
2610
2945
3268
3584
3906
4248
4613
4989
5360
5716
6059
6394
6728
7059
7381
7691
7988
8267
8514
8715
8858
8946
8995
9025
9041
9032
8978
8859
8668
8413
8113
7784
7435
7069
6679
6259
5807
5325
4820
4299
3771
3241
2716
2203
1705
1224
755
296
-155
-594
-1017
-1422
-1819
-2220
-2636
-3066
-3494
-3899
-4264
-4589
-4886
-5172
-5456
-5733
-5993
-6232
-6456
-6674
-6883
-7064
-7187
-7224
-7176
-7069
-6943
-6826
-6718
-6596
-6428
-6196
-5904
-5573
-5227
-4883
-4545
-4212
-3882
-3551
-3212
-2859
-2485
-2095
-1707
-1345
-1027
-751
-497
-231
69
399
737
1049
1319
1551
1770
2004
2268
2557
2855
3147
3432
3720
4025
4355
4708
5075
5444
5807
6159
6495
6814
7113
7396
7665
7918
8150
8348
8499
8595
8635
8622
8564
8466
8336
8177
7991
7771
7511
7205
6855
6471
6063
5639
5192
4715
4206
3677
3154
2661
2206
1776
1340
871
364
-165
-682
-1158
-1586
-1982
-2375
-2791
-3238
-3697
-4139
-4535
-4875
-5167
-5429
-5677
-5921
-6161
-6395
-6622
-6835
-7023
-7165
-7245
-7256
-7209
-7124
-7025
-6921
-6806
-6661
-6464
-6207
-5902
-5575
-5254
-4950
-4654
-4344
-4005
-3646
-3291
-2963
-2666
-2379
-2072
-1733
-1378
-1041
-751
-506
-275
-21
272
585
881
1130
1330
1514
1724
1985
2294
2625
2944
3238
3515
3798
4110
4460
4835
5213
5572
5907
6223
6531
6834
7124
7386
7603
7771
7894
7983
8046
8088
8106
8097
8049
7952
7795
7577
7305
6991
6644
6268
5866
5439
4992
4534
4069
3603
3138
2677
2221
1767
1312
850
383
-81
-532
-967
-1390
-1811
-2233
-2651
-3054
-3437
-3806
-4169
-4532
-4886
-5219
-5521
-5791
-6033
-6249
-6439
-6601
-6739
-6865
-6981
-7077
-7128
-7114
-7034
-6908
-6761
-6605
-6436
-6238
-6000
-5728
-5437
-5138
-4832
-4514
-4179
-3828
-3468
-3105
-2741
-2375
-2005
-1634
-1270
-923
-605
-321
-66
174
419
681
965
1263
1565
1865
2167
2476
2794
3115
3433
3750
4074
4417
4786
5174
5566
5947
6306
6645
6969
7281
7582
7868
8129
8356
8544
8690
8798
8876
8925
8939
8905
8811
8655
8447
8202
7930
7636
7316
6969
6598
6200
5773
5311
4817
4311
3818
3354
2906
2437
1919
1349
763
215
-260
-665
-1035
-1409
-1809
-2228
-2646
-3048
-3432
-3804
-4169
-4524
-4860
-5166
-5438
-5680
-5903
-6116
-6331
-6545
-6749
-6917
-7027
-7064
-7035
-6960
-6862
-6752
-6627
-6472
-6280
-6057
-5814
-5560
-5296
-5009
-4695
-4358
-4014
-3680
-3360
-3046
-2728
-2400
-2064
-1730
-1407
-1100
-814
-552
-311
-81
152
400
661
924
1176
1415
1653
1906
2183
2478
2778
3079
3389
3720
4080
4461
4843
5205
5534
5832
6109
6374
6627
6862
7071
7248
7395
7519
7619
7683
7695
7644
7537
7397
7246
7090
6913
6685
6388
6026
5622
5197
4765
4320
3861
3390
2918
2452
1984
1500
995
481
-15
-465
-862
-1225
-1585
-1969
-2388
-2834
-3288
-3732
-4151
-4538
-4894
-5230
-5562
-5899
-6236
-6552
-6820
-7025
-7175
-7292
-7395
-7486
-7550
-7569
-7539
-7471
-7387
-7299
-7198
-7063
-6875
-6630
-6340
-6025
-5701
-5371
-5035
-4693
-4355
-4032
-3732
-3443
-3144
-2816
-2458
-2095
-1760
-1474
-1234
-1006
-755
-459
-130
199
492
734
938
1134
1356
1624
1940
2291
2660
3028
3386
3736
4092
4470
4872
5282
5671
6013
6305
6569
6837
7127
7428
7705
7919
8059
8141
8197
8252
8302
8320
8276
8156
7975
7761
7535
7296
7021
6689
6292
5845
5376
4907
4446
3990
3536
3081
2624
2163
1693
1213
728
251
-206
-637
-1043
-1432
-1814
-2194
-2577
-2963
-3351
-3738
-4116
-4478
-4820
-5136
-5426
-5689
-5928
-6145
-6341
-6512
-6651
-6746
-6790
-6780
-6723
-6630
-6517
-6393
-6257
-6102
-5913
-5680
-5402
-5088
-4758
-4428
-4108
-3794
-3471
-3125
-2753
-2369
-1995
-1649
-1337
-1051
-780
-515
-252
12
282
562
846
1121
1371
1596
1812
2045
2314
2617
2938
3257
3568
3874
4187
4511
4845
5185
5530
5882
6243
6607
6961
7293
7594
7861
8096
8299
8467
8600
8697
8759
8780
8752
8664
8516
8315
8076
7811
7521
7198
6837
6442
6020
5579
5116
4625
4107
3578
3062
2575
2118
1669
1204
714
208
-290
-761
-1200
-1620
-2045
-2491
-2959
-3428
-3866
-4246
-4563
-4842
-5122
-5429
-5765
-6098
-6393
-6634
-6832
-7012
-7186
-7338
-7437
-7463
-7426
-7358
-7290
-7223
-7129
-6973
-6740
-6448
-6131
-5820
-5529
-5250
-4967
-4669
-4355
-4031
-3704
-3380
-3060
-2739
-2415
-2089
-1768
-1464
-1183
-919
-653
-364
-50
276
588
869
1121
1366
1628
1918
2233
2557
2880
3200
3524
3860
4213
4583
4964
5349
5729
6090
6422
6720
6989
7240
7480
7707
7908
8066
8172
8225
8231
8195
8113
7980
7795
7569
7319
7055
6776
6466
6109
5702
5252
4775
4282
3777
3260
2738
2224
1733
1267
811
342
-156
-679
-1204
-1701
-2153
-2567
-2968
-3377
-3801
-4225
-4624
-4984
-5311
-5623
-5940
-6265
-6586
-6886
-7154
-7388
-7589
-7751
-7864
-7919
-7922
-7895
-7863
-7840
-7816
-7763
-7654
-7475
-7232
-6946
-6637
-6319
-5997
-5674
-5350
-5022
-4677
-4306
-3906
-3491
-3090
-2731
-2423
-2153
-1886
-1593
-1262
-905
-552
-227
57
314
564
826
1107
1401
1702
2010
2330
2667
3016
3362
3694
4012
4330
4669
5039
5433
5829
6210
6561
6881
7165
7408
7605
7758
7878
7981
8068
8123
8119
8032
7861
7627
7363
7092
6822
6537
6219
5853
5439
4983
4497
3989
3468
2944
2428
1930
1448
974
496
7
-485
-966
-1422
-1853
-2271
-2690
-3118
-3550
-3970
-4366
-4733
-5076
-5405
-5725
-6034
-6329
-6605
-6860
-7093
-7301
-7480
-7623
-7729
-7798
-7834
-7838
-7807
-7736
-7620
-7463
-7275
-7065
-6842
-6603
-6343
-6055
-5738
-5402
-5057
-4710
-4360
-4001
-3631
-3256
-2890
-2547
-2233
-1938
-1646
-1340
-1018
-691
-377
-89
179
441
711
989
1262
1519
1763
2013
2291
2609
2958
3325
3698
4078
4473
4881
5290
5680
6042
6375
6691
6997
7288
7554
7780
7960
8097
8196
8261
8292
8283
8232
8136
7994
7808
7575
7295
6972
6614
6236
5846
5439
5004
4528
4013
3480
2955
2456
1981
1509
1019
504
-20
-530
-1006
-1448
-1871
-2296
-2740
-3202
-3671
-4125
-4544
-4918
-5255
-5573
-5890
-6212
-6526
-6804
-7029
-7200
-7342
-7485
-7641
-7794
-7908
-7951
-7919
-7834
-7730
-7627
-7513
-7356
-7131
-6840
-6515
-6195
-5899
-5616
-5313
-4964
-4573
-4169
-3790
-3455
-3150
-2845
-2512
-2149
-1775
-1426
-1123
-868
-640
-412
-164
105
380
644
886
1110
1336
1587
1876
2196
2531
2861
3177
3485
3802
4137
4494
4859
5217
5557
5876
6177
6465
6735
6978
7182
7339
7446
7510
7538
7533
7495
7420
7303
7142
6932
6671
6364
6018
5650
5270
4878
4462
4009
3515
2997
2485
2002
1551
1112
656
168
-348
-869
-1370
-1838
-2272
-2684
-3090
-3501
-3922
-4347
-4756
-5131
-5462
-5760
-6053
-6363
-6694
-7024
-7324
-7578
-7791
-7984
-8162
-8311
-8399
-8408
-8347
-8249
-8146
-8044
-7924
-7757
-7529
-7254
-6960
-6666
-6367
-6046
-5689
-5304
-4913
-4538
-4188
-3853
-3521
-3189
-2863
-2552
-2254
-1958
-1653
-1334
-1013
-703
-409
-126
155
441
728
1007
1280
1558
1858
2189
2545
2905
3248
3573
3891
4223
4574
4934
5284
5613
5926
6239
6565
6896
7203
7455
7631
7731
7776
7790
7785
7754
7683
7554
7364
7125
6852
6553
6225
5856
5439
4984
4510
4038
3578
3123
2657
2167
1656
1134
619
119
-367
-846
-1327
-1810
-2291
-2762
-3220
-3665
-4101
-4527
-4942
-5339
-5711
-6055
-6371
-6661
-6935
-7200
-7461
-7714
-7949
-8148
-8295
-8381
-8408
-8387
-8331
-8253
-8158
-8043
-7903
-7730
-7520
-7277
-7003
-6706
-6386
-6044
-5678
-5289
-4885
-4480
-4092
-3734
-3409
-3108
-2815
-2514
-2198
-1870
-1536
-1201
-872
-554
-254
21
274
510
742
979
1225
1482
1753
2041
2346
2664
2985
3304
3622
3949
4296
4661
5033
5393
5724
6020
6283
6524
6748
6957
7146
7305
7423
7492
7508
7469
7378
7237
7052
6831
6583
6312
6018
5695
5334
4930
4486
4012
3522
3030
2542
2059
1577
1085
576
48
-490
-1025
-1539
-2019
-2461
-2874
-3274
-3678
-4091
-4506
-4910
-5290
-5646
-5991
-6344
-6712
-7085
-7437
-7737
-7970
-8138
-8266
-8377
-8485
-8582
-8647
-8656
-8600
-8488
-8342
-8180
-8003
-7798
-7549
-7253
-6925
-6589
-6265
-5956
-5646
-5313
-4947
-4556
-4161
-3784
-3432
-3098
-2770
-2442
-2117
-1799
-1490
-1186
-879
-564
-250
52
331
582
814
1039
1271
1520
1794
2100
2439
2804
3177
3540
3883
4214
4551
4910
5286
5656
5992
6284
6547
6811
7088
7361
7587
7723
7757
7717
7651
7596
7554
7496
7382
7190
6920
6591
6223
5831
5421
4994
4549
4087
3603
3100
2589
2085
1602
1143
693
231
-255
-763
-1270
-1751
-2192
-2595
-2977
-3355
-3742
-4134
-4523
-4898
-5251
-5583
-5897
-6196
-6480
-6743
-6977
-7178
-7343
-7474
-7574
-7642
-7678
-7677
-7641
-7572
-7473
-7347
-7192
-7004
-6781
-6522
-6233
-5922
-5598
-5264
-4921
-4564
-4192
-3811
-3435
-3079
-2749
-2441
-2143
-1841
-1529
-1209
-886
-570
-273
-1
244
468
687
922
1186
1477
1783
2087
2380
2665
2952
3249
3560
3886
4225
4574
4930
5283
5621
5937
6229
6506
6772
7029
7267
7473
7639
7764
7856
7924
7970
7984
7950
7846
7663
7404
7091
6756
6421
6090
5745
5361
4925
4444
3942
3442
2953
2464
1956
1422
868
315
-216
-715
-1183
-1628
-2060
-2488
-2919
-3355
-3791
-4223
-4640
-5040
-5418
-5773
-6103
-6408
-6693
-6970
-7247
-7522
-7779
-7997
-8163
-8278
-8355
-8400
-8413
-8383
-8301
-8171
-8008
-7828
-7636
-7431
-7206
-6952
-6666
-6346
-5994
-5622
-5245
-4881
-4538
-4211
-3883
-3540
-3178
-2807
-2443
-2095
-1762
-1436
-1115
-804
-518
-271
-66
116
307
541
833
1170
1517
1840
2123
2381
2650
2964
3336
3747
4158
4533
4858
5151
5449
5782
6152
6529
6865
7120
7284
7378
7433
7472
7497
7493
7444
7340
7185
6986
6748
6472
6160
5811
5429
5013
4560
4071
3550
3014
2483
1979
1505
1050
593
117
-381
-884
-1371
-1825
-2247
-2653
-3060
-3476
-3892
-4291
-4658
-4991
-5299
-5598
-5899
-6202
-6501
-6783
-7040
-7268
-7463
-7626
-7752
-7840
-7891
-7907
-7895
-7859
-7798
-7707
-7578
-7411
-7211
-6989
-6751
-6496
-6221
-5927
-5624
-5320
-5016
-4700
-4355
-3968
-3547
-3118
-2713
-2355
-2049
-1778
-1516
-1242
-953
-660
-382
-134
87
296
516
765
1047
1359
1690
2029
2368
2696
3010
3314
3619
3937
4275
4633
5002
5373
5735
6081
6403
6695
6954
7183
7382
7549
7678
7761
7799
7799
7769
7711
7616
7471
7265
6998
6677
6316
5929
5524
5101
4657
4187
3692
3180
2666
2165
1680
1202
719
226
-269
-743
-1180
-1578
-1953
-2329
-2720
-3126
-3531
-3922
-4291
-4640
-4973
-5293
-5596
-5876
-6131
-6361
-6568
-6759
-6936
-7099
-7242
-7352
-7414
-7417
-7366
-7275
-7163
-7045
-6916
-6759
-6551
-6281
-5959
-5612
-5269
-4947
-4646
-4347
-4033
-3693
-3327
-2947
-2570
-2213
-1891
-1608
-1355
-1108
-845
-553
-233
96
419
726
1022
1317
1617
1920
2220
2516
2814
3121
3444
3778
4114
4449
4784
5128
5484
5846
6201
6538
6852
7149
7433
7702
7950
8164
8335
8454
8519
8528
8485
8397
8273
8119
7937
7722
7467
7168
6825
6445
6035
5597
5132
4640
4127
3608
3099
2615
2153
1699
1230
732
206
-332
-859
-1352
-1804
-2220
-2616
-3013
-3420
-3835
-4241
-4620
-4968
-5294
-5613
-5929
-6232
-6504
-6732
-6923
-7093
-7258
-7413
-7542
-7626
-7658
-7645
-7598
-7520
-7405
-7246
-7044
-6811
-6563
-6306
-6038
-5747
-5428
-5084
-4729
-4380
-4044
-3721
-3398
-3065
-2714
-2352
-1993
-1654
-1342
-1055
-780
-506
-230
41
293
515
716
919
1151
1430
1751
2091
2421
2727
3011
3291
3586
3907
4251
4611
4978
5347
5710
6060
6387
6681
6940
7165
7367
7554
7730
7886
8005
8061
8038
7934
7767
7563
7345
7121
6880
6606
6284
5909
5488
5033
4557
4071
3585
3102
2627
2157
1682
1192
682
163
-346
-815
-1229
-1594
-1938
-2294
-2682
-3097
-3512
-3899
-4246
-4566
-4886
-5223
-5572
-5907
-6193
-6414
-6582
-6730
-6891
-7072
-7251
-7390
-7452
-7431
-7343
-7223
-7096
-6970
-6830
-6656
-6434
-6165
-5866
-5556
-5250
-4953
-4660
-4358
-4038
-3693
-3330
-2958
-2593
-2243
-1911
-1594
-1289
-992
-702
-414
-126
160
438
700
942
1179
1431
1719
2047
2394
2728
3025
3290
3554
3857
4222
4637
5065
5463
5810
6115
6408
6718
7047
7373
7665
7902
8081
8213
8311
8379
8412
8407
8363
8281
8158
7985
7757
7478
7167
6842
6509
6151
5742
5268
4739
4189
3658
3165
2700
2239
1759
1259
756
269
-196
-652
-1118
-1606
-2107
-2604
-3074
-3507
-3905
-4277
-4631
-4970
-5295
-5602
-5889
-6151
-6387
-6599
-6796
-6984
-7166
-7329
-7453
-7521
-7526
-7476
-7389
-7279
-7153
-7004
-6819
-6587
-6307
-5988
-5649
-5311
-4989
-4687
-4393
-4090
-3760
-3401
-3021
-2638
-2269
-1921
-1595
-1284
-983
-688
-398
-111
176
467
760
1053
1336
1606
1863
2117
2380
2667
2982
3327
3696
4081
4474
4866
5247
5611
5959
6298
6634
6970
7301
7610
7883
8105
8276
8402
8495
8567
8621
8648
8633
8556
8410
8199
7938
7643
7330
7003
6658
6291
5893
5461
4995
4504
3998
3489
2983
2471
1944
1393
828
270
-259
-748
-1199
-1631
-2059
-2490
-2921
-3343
-3751
-4140
-4510
-4864
-5206
-5543
-5877
-6210
-6533
-6834
-7101
-7329
-7512
-7651
-7740
-7778
-7765
-7711
-7629
-7531
-7420
-7288
-7120
-6904
-6642
-6341
-6018
-5682
-5336
-4979
-4613
-4243
-3878
-3522
-3176
-2830
-2479
-2124
-1774
-1443
-1136
-849
-569
-285
2
286
559
820
1079
1343
1617
1898
2181
2469
2770
3093
3436
3793
4156
4518
4884
5255
5628
5993
6339
6657
6946
7214
7469
7713
7941
8139
8292
8390
8428
8409
8338
8225
8080
7910
7716
7491
7225
6914
6560
6178
5778
5362
4918
4435
3916
3381
2856
2354
1868
1377
868
350
-154
-622
-1050
-1455
-1856
-2262
-2666
-3057
-3434
-3807
-4186
-4570
-4943
-5286
-5592
-5873
-6147
-6423
-6691
-6928
-7114
-7249
-7348
-7433
-7507
-7556
-7554
-7487
-7358
-7185
-6986
-6771
-6539
-6283
-6001
-5694
-5369
-5030
-4680
-4321
-3955
-3585
-3213
-2845
-2485
-2141
-1816
-1516
-1239
-981
-735
-490
-242
10
260
501
726
939
1151
1380
1637
1925
2232
2541
2839
3122
3403
3700
4032
4400
4788
5168
5516
5822
6100
6374
6660
6954
7228
7450
7594
7660
7670
7651
7625
7592
7533
7422
7243
6996
6697
6368
6022
5656
5258
4819
4340
3837
3329
2832
2347
1867
1383
888
384
-120
-612
-1081
-1527
-1956
-2379
-2801
-3220
-3629
-4019
-4393
-4759
-5125
-5492
-5848
-6176
-6466
-6719
-6947
-7161
-7362
-7541
-7681
-7775
-7827
-7852
-7867
-7874
-7861
-7805
-7688
-7503
-7261
-6982
-6688
-6397
-6115
-5836
-5545
-5226
-4869
-4482
-4082
-3694
-3332
-2998
-2681
-2367
-2048
-1719
-1382
-1043
-710
-395
-107
152
394
638
900
1184
1478
1766
2040
2308
2589
2896
3231
3584
3939
4292
4644
5002
5364
5718
6050
6353
6630
6892
7145
7385
7601
7779
7914
8012
8082
8128
8140
8100
7987
7788
7509
7172
6814
6465
6138
5818
5469
5055
4559
3999
3419
2865
2360
1895
1433
938
398
-164
-709
-1201
-1635
-2032
-2428
-2849
-3303
-3771
-4226
-4641
-4998
-5299
-5560
-5814
-6092
-6406
-6742
-7061
-7322
-7507
-7631
-7727
-7822
-7915
-7979
-7982
-7910
-7781
-7625
-7467
-7305
-7119
-6890
-6612
-6303
-5989
-5681
-5374
-5047
-4686
-4297
-3899
-3515
-3153
-2805
-2457
-2106
-1766
-1453
-1171
-898
-604
-271
85
421
698
909
1090
1299
1579
1927
2304
2660
2974
3262
3568
3924
4326
4741
5125
5454
5740
6015
6308
6629
6962
7276
7548
7766
7931
8050
8128
8161
8144
8075
7958
7804
7625
7425
7197
6924
6595
6211
5786
5341
4887
4421
3934
3425
2906
2395
1899
1410
907
378
-168
-701
-1191
-1626
-2023
-2414
-2830
-3276
-3739
-4192
-4613
-4998
-5353
-5691
-6022
-6349
-6672
-6982
-7269
-7524
-7739
-7912
-8050
-8158
-8237
-8278
-8274
-8219
-8121
-7994
-7848
-7682
-7483
-7238
-6945
-6614
-6268
-5923
-5583
-5243
-4891
-4527
-4159
-3797
-3443
-3091
-2731
-2365
-2005
-1675
-1384
-1126
-881
-628
-360
-86
180
437
691
953
1223
1496
1767
2040
2328
2642
2983
3336
3686
4028
4370
4722
5080
5427
5743
6022
6276
6531
6802
7078
7328
7520
7634
7679
7674
7635
7565
7451
7281
7058
6799
6524
6240
5935
5585
5177
4712
4216
3719
3242
2786
2334
1864
1365
840
303
-228
-743
-1231
-1689
-2113
-2501
-2861
-3208
-3560
-3929
-4312
-4697
-5070
-5422
-5751
-6058
-6342
-6600
-6833
-7047
-7248
-7435
-7596
-7715
-7783
-7805
-7792
-7750
-7672
-7545
-7369
-7164
-6959
-6773
-6593
-6385
-6115
-5778
-5399
-5019
-4666
-4340
-4018
-3677
-3308
-2919
-2532
-2164
-1825
-1515
-1223
-939
-651
-354
-51
250
540
812
1071
1323
1579
1844
2123
2418
2731
3065
3420
3789
4158
4510
4832
5121
5393
5671
5978
6316
6666
6992
7261
7462
7608
7728
7844
7956
8044
8074
8025
7895
7702
7472
7226
6971
6699
6397
6050
5650
5204
4723
4225
3724
3228
2734
2236
1730
1217
706
210
-264
-715
-1148
-1568
-1984
-2399
-2820
-3251
-3686
-4114
-4518
-4890
-5235
-5573
-5918
-6267
-6604
-6908
-7170
-7398
-7607
-7806
-7984
-8119
-8195
-8207
-8168
-8092
-7986
-7851
-7681
-7475
-7236
-6971
-6688
-6392
-6088
-5775
-5455
-5128
-4793
-4454
-4112
-3765
-3409
-3042
-2669
-2302
-1958
-1644
-1352
-1062
-755
-428
-93
230
530
810
1088
1381
1697
2029
2364
2686
2993
3291
3591
3904
4234
4580
4940
5305
5664
6008
6331
6633
6924
7210
7484
7723
7901
8004
8043
8042
8025
7993
7926
7794
7585
7308
6993
6665
6334
5991
5620
5211
4767
4303
3829
3352
2872
2386
1896
1404
913
420
-79
-588
-1100
-1603
-2081
-2527
-2947
-3356
-3772
-4197
-4620
-5020
-5378
-5691
-5977
-6260
-6558
-6871
-7175
-7439
-7642
-7783
-7882
-7965
-8050
-8135
-8203
-8232
-8210
-8130
-7991
-7794
-7542
-7249
-6940
-6643
-6373
-6123
-5865
-5566
-5210
-4806
-4381
-3967
-3578
-3214
-2868
-2534
-2220
-1932
-1666
-1408
-1141
-858
-568
-289
-33
206
444
700
974
1257
1537
1813
2097
2402
2730
3072
3417
3761
4107
4454
4792
5110
5402
5681
5968
6268
6560
6805
6971
7059
7099
7125
7147
7148
7094
6969
6779
6551
6306
6048
5763
5436
5061
4645
4200
3736
3257
2771
2284
1808
1348
898
448
-18
-503
-996
-1474
-1918
-2323
-2703
-3082
-3477
-3888
-4296
-4680
-5032
-5360
-5679
-6000
-6321
-6629
-6911
-7163
-7386
-7584
-7756
-7895
-7990
-8036
-8030
-7977
-7886
-7771
-7645
-7513
-7368
-7191
-6962
-6671
-6332
-5973
-5619
-5283
-4954
-4617
-4263
-3899
-3539
-3193
-2857
-2520
-2184
-1858
-1559
-1291
-1037
-774
-488
-186
107
373
613
849
1108
1400
1719
2046
2369
2689
3015
3358
3720
4099
4488
4878
5263
5634
5984
6312
6614
6888
7129
7338
7519
7684
7840
7984
8099
8165
8168
8106
7989
7829
7630
7393
7115
6797
6447
6073
5678
5264
4832
4382
3915
3429
2920
2389
1844
1305
786
297
-168
-624
-1083
-1546
-2003
-2443
-2854
-3234
-3587
-3923
-4254
-4591
-4939
-5292
-5636
-5954
-6239
-6492
-6722
-6931
-7111
-7250
-7341
-7391
-7412
-7417
-7405
-7365
-7283
-7151
-6969
-6746
-6485
-6189
-5862
-5513
-5161
-4821
-4501
-4193
-3881
-3549
-3195
-2828
-2459
-2098
-1746
-1402
-1070
-756
-461
-177
112
415
725
1023
1290
1529
1761
2014
2299
2604
2903
3180
3447
3731
4057
4426
4815
5197
5556
5898
6233
6565
6884
7175
7433
7664
7876
8073
8241
8364
8432
8447
8421
8364
8274
8144
7966
7740
7470
7160
6816
6441
6041
5625
5198
4759
4301
3820
3321
2813
2310
1817
1335
856
376
-104
-580
-1046
-1499
-1937
-2362
-2777
-3183
-3580
-3967
-4340
-4698
-5040
-5373
-5705
-6039
-6371
-6682
-6947
-7144
-7274
-7353
-7413
-7473
-7532
-7570
-7558
-7483
-7349
-7175
-6982
-6780
-6566
-6329
-6053
-5732
-5372
-4992
-4617
-4267
-3944
-3636
-3325
-3000
-2667
-2338
-2028
-1742
-1473
-1211
-948
-678
-400
-118
161
423
659
872
1081
1315
1598
1930
2292
2651
2984
3289
3582
3890
4227
4596
4978
5354
5705
6030
6331
6618
6889
7136
7346
7515
7646
7749
7832
7890
7907
7867
7759
7588
7369
7117
6838
6529
6190
5821
5430
5022
4594
4139
3651
3136
2609
2087
1580
1087
599
114
-364
-826
-1264
-1681
-2083
-2483
-2885
-3286
-3679
-4059
-4424
-4776
-5112
-5429
-5717
-5973
-6200
-6414
-6628
-6843
-7043
-7202
-7298
-7325
-7298
-7241
-7169
-7083
-6976
-6835
-6653
-6428
-6163
-5864
-5542
-5210
-4879
-4552
-4222
-3878
-3513
-3127
-2728
-2325
-1926
-1536
-1164
-823
-520
-250
5
268
547
834
1108
1353
1569
1777
2002
2261
2553
2859
3164
3458
3750
4049
4363
4690
5023
5354
5684
6017
6355
6694
7022
7326
7594
7825
8019
8183
8320
8427
8500
8529
8508
8436
8315
8150
7946
7704
7425
7108
6757
6374
5964
5524
5053
4550
4028
3506
3006
2535
2083
1626
1143
629
102
-407
-871
-1282
-1657
-2027
-2415
-2834
-3273
-3713
-4133
-4522
-4880
-5209
-5515
-5797
-6053
-6285
-6499
-6695
-6869
-7007
-7095
-7132
-7137
-7133
-7136
-7135
-7095
-6982
-6786
-6528
-6249
-5981
-5726
-5459
-5153
-4800
-4419
-4040
-3683
-3348
-3019
-2680
-2333
-1988
-1663
-1364
-1086
-819
-551
-281
-12
252
509
761
1015
1277
1553
1842
2139
2438
2734
3028
3323
3625
3935
4253
4582
4927
5290
5664
6030
6366
6661
6923
7167
7408
7644
7856
8025
8143
8214
8248
8247
8204
8111
7968
7785
7573
7337
7068
6751
6375
5939
5457
4947
4428
3915
3420
2945
2485
2028
1556
1058
535
4
-508
-976
-1384
-1737
-2063
-2398
-2774
-3198
-3651
-4095
-4493
-4829
-5111
-5368
-5629
-5905
-6188
-6454
-6680
-6853
-6977
-7070
-7147
-7214
-7259
-7264
-7214
-7110
-6965
-6797
-6616
-6423
-6208
-5965
-5692
-5397
-5085
-4764
-4432
-4087
-3726
-3349
-2960
-2571
-2191
-1832
-1500
-1192
-902
-618
-327
-19
304
630
937
1206
1435
1639
1848
2089
2374
2696
3035
3375
3710
4040
4369
4698
5032
5377
5737
6110
6480
6825
7134
7405
7652
7880
8082
8236
8328
8361
8362
8358
8356
8334
8255
8093
7845
7531
7181
6816
6442
6053
5644
5212
4758
4290
3818
3348
2880
2400
1895
1359
809
274
-222
-672
-1097
-1522
-1964
-2413
-2845
-3239
-3595
-3929
-4262
-4601
-4942
-5270
-5582
-5886
-6191
-6500
-6795
-7049
-7242
-7366
-7436
-7474
-7496
-7505
-7494
-7451
-7367
-7236
-7058
-6836
-6577
-6294
-6001
-5704
-5398
-5074
-4725
-4358
-3990
-3637
-3300
-2963
-2603
-2216
-1822
-1452
-1131
-859
-612
-358
-80
223
534
837
1123
1391
1649
1912
2192
2499
2826
3158
3479
3784
4088
4408
4758
5131
5511
5880
6235
6582
6926
7257
7556
7808
8011
8179
8326
8456
8558
8614
8605
8527
8388
8203
7987
7747
7479
7176
6834
6455
6051
5632
5203
4760
4299
3820
3332
2847
2368
1887
1394
888
385
-94
-534
-942
-1339
-1747
-2172
-2600
-3003
-3365
-3686
-3986
-4287
-4601
-4926
-5247
-5547
-5814
-6046
-6247
-6424
-6580
-6712
-6809
-6854
-6839
-6773
-6673
-6560
-6438
-6293
-6102
-5849
-5541
-5205
-4873
-4563
-4274
-3988
-3682
-3346
-2983
-2612
-2251
-1910
-1589
-1276
-961
-641
-320
-6
299
596
890
1182
1467
1735
1979
2201
2417
2650
2923
3245
3602
3963
4296
4586
4848
5117
5423
5773
6147
6512
6849
7160
7463
7766
8054
8299
8476
8580
8629
8646
8641
8611
8537
8407
8217
7979
7710
7423
7123
6803
6452
6059
5625
5160
4682
4202
3724
3243
2756
2263
1773
1290
815
343
-127
-589
-1036
-1467
-1894
-2331
-2790
-3262
-3727
-4161
-4554
-4910
-5238
-5547
-5836
-6104
-6349
-6577
-6786
-6970
-7117
-7222
-7287
-7323
-7338
-7330
-7289
-7210
-7093
-6946
-6772
-6568
-6324
-6042
-5736
-5429
-5138
-4857
-4562
-4228
-3850
-3448
-3059
-2713
-2417
-2154
-1898
-1627
-1334
-1024
-706
-390
-87
193
444
669
884
1113
1373
1667
1980
2294
2602
2909
3229
3571
3931
4294
4640
4958
5252
5531
5809
6095
6390
6685
6964
7210
7409
7558
7663
7740
7800
7843
7856
7813
7694
7493
7228
6927
6617
6309
5993
5649
5261
4825
4352
3859
3363
2872
2387
1899
1401
888
367
-147
-635
-1086
-1503
-1901
-2296
-2696
-3099
-3492
-3862
-4206
-4531
-4853
-5184
-5529
-5876
-6204
-6492
-6730
-6922
-7082
-7221
-7342
-7435
-7489
-7497
-7463
-7392
-7290
-7158
-6995
-6798
-6568
-6308
-6020
-5707
-5373
-5022
-4663
-4304
-3952
-3611
-3279
-2950
-2620
-2286
-1951
-1623
-1307
-1008
-721
-440
-157
129
412
686
946
1192
1428
1662
1904
2162
2440
2736
3043
3352
3661
3977
4308
4661
5033
5407
5768
6105
6419
6713
6991
7247
7471
7656
7808
7940
8057
8148
8189
8150
8024
7827
7597
7368
7151
6928
6664
6333
5930
5480
5014
4556
4111
3670
3220
2754
2272
1777
1270
754
239
-258
-724
-1158
-1574
-1986
-2403
-2817
-3215
-3590
-3949
-4304
-4662
-5018
-5358
-5677
-5976
-6260
-6527
-6765
-6959
-7100
-7195
-7255
-7292
-7310
-7308
-7283
-7230
-7141
-7006
-6823
-6601
-6358
-6113
-5867
-5609
-5319
-4992
-4638
-4281
-3940
-3618
-3302
-2979
-2639
-2290
-1944
-1618
-1317
-1040
-775
-509
-235
42
315
576
830
1087
1361
1652
1948
2232
2493
2738
2990
3271
3599
3973
4376
4785
5175
5534
5861
6170
6474
6781
7083
7360
7594
7779
7925
8044
8140
8204
8214
8155
8027
7847
7638
7417
7182
6921
6618
6267
5876
5458
5024
4578
4118
3644
3160
2674
2192
1714
1234
745
247
-248
-729
-1187
-1629
-2070
-2522
-2983
-3432
-3845
-4207
-4528
-4835
-5156
-5498
-5848
-6177
-6464
-6705
-6908
-7085
-7240
-7369
-7464
-7524
-7551
-7546
-7500
-7402
-7244
-7035
-6801
-6567
-6347
-6128
-5886
-5598
-5260
-4896
-4535
-4199
-3885
-3573
-3241
-2880
-2504
-2135
-1785
-1453
-1126
-796
-469
-161
116
366
603
842
1085
1326
1559
1791
2044
2333
2660
3001
3328
3621
3887
4150
4439
4771
5141
5524
5890
6217
6498
6742
6965
7182
7392
7579
7726
7818
7857
7857
7826
7764
7660
7495
7261
6964
6621
6251
5866
5468
5054
4624
4182
3736
3290
2844
2387
1907
1401
874
342
-175
-660
-1111
-1537
-1954
-2374
-2800
-3226
-3642
-4038
-4417
-4787
-5161
-5543
-5926
-6288
-6604
-6859
-7059
-7222
-7375
-7527
-7672
-7791
-7865
-7887
-7864
-7806
-7720
-7604
-7454
-7271
-7059
-6824
-6570
-6294
-5994
-5671
-5333
-4988
-4642
-4294
-3940
-3577
-3211
-2849
-2503
-2178
-1871
-1575
-1282
-989
-700
-424
-163
88
340
603
876
1150
1417
1681
1953
2249
2570
2906
3238
3558
3877
4212
4572
4940
5286
5583
5832
6061
6309
6592
6888
7152
7346
7465
7534
7586
7634
7659
7632
7532
7366
7157
6926
6675
6389
6055
5669
5243
4788
4310
3807
3283
2752
2236
1749
1286
819
322
-215
-770
-1304
-1784
-2198
-2562
-2911
-3273
-3660
-4067
-4476
-4868
-5231
-5555
-5840
-6093
-6330
-6566
-6812
-7068
-7316
-7536
-7705
-7812
-7856
-7845
-7789
-7703
-7599
-7488
-7376
-7256
-7112
-6924
-6680
-6382
-6046
-5696
-5351
-5016
-4686
-4350
-4007
-3659
-3313
-2971
-2629
-2285
-1943
-1614
-1311
-1037
-785
-539
-282
-8
280
570
850
1115
1372
1635
1917
2224
2550
2883
3216
3552
3900
4266
4644
5016
5364
5679
5969
6251
6539
6834
7123
7387
7604
7765
7868
7920
7930
7902
7833
7717
7546
7323
7057
6760
6443
6106
5747
5360
4941
4489
4007
3498
2978
2461
1962
1479
994
488
-43
-575
-1074
-1512
-1895
-2262
-2658
-3107
-3595
-4075
-4505
-4870
-5185
-5481
-5781
-6084
-6377
-6648
-6896
-7130
-7357
-7572
-7761
-7910
-8012
-8069
-8092
-8093
-8074
-8028
-7944
-7809
-7619
-7377
-7096
-6791
-6473
-6146
-5810
-5461
-5095
-4710
-4310
-3907
-3521
-3164
-2839
-2537
-2238
-1928
-1607
-1286
-981
-696
-426
-159
107
367
613
845
1077
1332
1629
1968
2333
2698
3047
3382
3718
4071
4439
