0
0
0
0
0
0
0
0
0
-407
-3802
-13380
1132
-6698
-1258
12057
-4748
-127
868
1098
1360
1565
1783
1897
2071
2315
2474
2778
2963
3208
3538
3720
4019
4244
4326
4508
4622
4925
5306
5622
5949
6168
6427
6771
7006
7256
7505
7645
7937
8232
8482
8764
8888
9115
9365
9619
9851
9957
10044
10182
10433
10722
10887
10845
10757
10783
10890
11051
11107
11026
11039
11058
11140
11145
11128
11101
11048
11014
10913
10761
10521
10304
10157
10010
9765
9491
9209
8955
8793
8553
8263
7862
7510
7257
7116
6988
6636
6244
5811
5504
5307
4936
4490
4089
3688
3348
2985
2655
2269
1966
1638
1247
903
417
-32
-440
-792
-1034
-1279
-1596
-1977
-2208
-2450
-2631
-2942
-3293
-3605
-3907
-4101
-4368
-4751
-5009
-5234
-5440
-5706
-6186
-6492
-6853
-7111
-7391
-7685
-7927
-8169
-8370
-8583
-8788
-9003
-9275
-9529
-9719
-9832
-9896
-10074
-10240
-10501
-10610
-10685
-10767
-10822
-10990
-11053
-11065
-11100
-11049
-11064
-11101
-11148
-11194
-11121
-10988
-10885
-10791
-10832
-10850
-10799
-10636
-10475
-10334
-10109
-9860
-9612
-9476
-9449
-9313
-9144
-8897
-8636
-8512
-8328
-8151
-7897
-7670
-7434
-7170
-6880
-6606
-6400
-6178
-5911
-5537
-5229
-4936
-4719
-4475
-4154
-3919
-3648
-3451
-3243
-3030
-2729
-2481
-2240
-2066
-1858
-1613
-1476
-1413
-1323
-1084
-829
-554
-395
-223
10
223
427
610
811
972
1171
1290
1317
1483
1689
2003
2306
2381
2540
2668
2900
3182
3437
3666
3880
3965
4152
4394
4710
5032
5197
5399
5556
5806
6145
6459
6724
6954
7186
7450
7665
7791
7975
8142
8393
8656
8888
9097
9293
9422
9547
9740
9943
10174
10316
10358
10389
10541
10738
10858
10814
10718
10581
10671
10749
10835
10741
10532
10469
10470
10506
10410
10281
10092
10008
9895
9644
9299
8966
8676
8537
8382
8179
7907
7555
7262
6943
6599
6170
5825
5520
5146
4855
4577
4227
3913
3467
3085
2780
2397
2070
1646
1269
937
603
290
-55
-489
-923
-1232
-1474
-1758
-2112
-2510
-2810
-3057
-3331
-3654
-3947
-4232
-4495
-4732
-5053
-5289
-5509
-5729
-5996
-6395
-6656
-6874
-7062
-7255
-7535
-7766
-7895
-8008
-8143
-8443
-8786
-9071
-9269
-9400
-9514
-9721
-9953
-10136
-10298
-10433
-10546
-10678
-10734
-10832
-10928
-10944
-11016
-11080
-11240
-11314
-11258
-11146
-11043
-11083
-11092
-11079
-10910
-10763
-10690
-10680
-10650
-10545
-10310
-10057
-9869
-9749
-9616
-9506
-9321
-9139
-8970
-8775
-8509
-8276
-7996
-7718
-7457
-7156
-6978
-6728
-6446
-6221
-5913
-5698
-5470
-5163
-4916
-4619
-4377
-4134
-3931
-3729
-3457
-3126
-2822
-2672
-2497
-2352
-2064
-1846
-1650
-1420
-1144
-921
-767
-552
-317
-65
136
290
473
673
802
1006
1167
1356
1579
1759
1912
2011
2275
2587
2880
3107
3214
3439
3730
4063
4223
4284
4443
4658
4982
5315
5468
5649
5770
5962
6274
6508
6740
6995
7176
7390
7580
7849
8019
8229
8458
8708
8992
9271
9468
9665
9817
9906
10046
10221
10411
10636
10714
10853
10991
11074
11185
11172
11181
11229
11216
11259
11253
11235
11224
11161
11096
11031
10896
10803
10614
10423
10244
10015
9846
9595
9334
9072
8771
8489
8269
7986
7697
7345
7090
6787
6528
6160
5806
5426
5075
4739
4425
4102
3731
3417
3108
2707
2344
2002
1694
1438
1130
768
365
-2
-323
-591
-951
-1344
-1755
-1973
-2201
-2540
-2867
-3155
-3253
-3504
-3849
-4298
-4711
-5026
-5263
-5529
-5807
-6173
-6500
-6723
-6918
-7046
-7291
-7650
-7923
-8137
-8272
-8443
-8667
-8914
-9116
-9258
-9441
-9631
-9868
-10094
-10216
-10335
-10526
-10644
-10782
-10841
-10865
-10954
-10952
-10948
-10993
-11074
-11075
-11089
-11024
-10980
-11040
-11091
-11026
-10937
-10782
-10653
-10643
-10572
-10487
-10382
-10192
-10038
-9849
-9629
-9519
-9280
-9120
-8839
-8591
-8440
-8219
-7966
-7651
-7359
-7134
-6965
-6761
-6515
-6241
-5986
-5715
-5466
-5197
-4910
-4761
-4660
-4495
-4137
-3714
-3384
-3173
-3033
-2793
-2492
-2220
-2000
-1900
-1766
-1589
-1342
-1121
-909
-699
-569
-299
-165
92
253
403
624
791
1036
1193
1376
1558
1795
1968
2107
2305
2491
2798
3104
3328
3610
3793
4042
4356
4590
4811
4978
5180
5340
5546
5827
6111
6398
6704
6952
7236
7440
7578
7721
7954
8257
8542
8728
8820
8979
9198
9440
9730
9960
10172
10283
10317
10383
10369
10430
10481
10580
10588
10588
10594
10635
10669
10559
10510
10414
10314
10184
10062
9920
9813
9760
9659
9482
9236
9038
8872
8655
8393
8109
7812
7595
7318
7060
6801
6518
6273
5984
5630
5209
4859
4532
4201
3761
3288
2917
2649
2372
2028
1717
1335
1107
841
406
-30
-529
-780
-974
-1232
-1640
-2010
-2308
-2645
-2910
-3205
-3459
-3747
-4094
-4309
-4631
-4872
-5171
-5558
-5796
-6079
-6324
-6602
-6876
-7074
-7297
-7486
-7684
-7838
-7951
-8114
-8386
-8580
-8867
-9009
-9266
-9524
-9761
-10014
-10090
-10194
-10310
-10483
-10690
-10888
-11022
-11029
-11048
-11032
-11058
-11088
-11087
-11119
-11075
-11003
-10904
-10892
-10817
-10775
-10734
-10650
-10609
-10510
-10372
-10236
-9980
-9873
-9660
-9458
-9252
-9001
-8757
-8508
-8317
-8046
-7938
-7731
-7598
-7352
-7012
-6777
-6484
-6315
-6078
-5814
-5513
-5214
-4919
-4698
-4428
-4155
-3954
-3746
-3592
-3422
-3108
-2758
-2523
-2324
-2135
-1867
-1605
-1440
-1246
-1045
-861
-627
-461
-345
-197
-1
180
452
604
773
950
1098
1278
1480
1707
1900
2099
2184
2302
2474
2622
2872
3101
3394
3625
3883
4110
4345
4614
4726
4934
5054
5296
5563
5768
5932
6012
6257
6647
7037
7350
7527
7721
7947
8195
8452
8696
8923
9124
9286
9426
9598
9818
10026
10243
10330
10381
10458
10541
10666
10635
10643
10701
10765
10825
10791
10726
10717
10683
10680
10693
10665
10604
10488
10357
10199
9942
9665
9381
9225
9101
8911
8692
8404
8200
7904
7616
7327
6956
6618
6268
5982
5745
5396
5025
4626
4276
4027
3684
3275
2865
2491
2243
2000
1592
1184
739
438
205
-66
-406
-850
-1297
-1581
-1770
-2064
-2405
-2760
-2986
-3181
-3415
-3765
-4141
-4493
-4768
-5043
-5243
-5424
-5666
-5929
-6273
-6561
-6713
-6896
-7139
-7495
-7779
-8023
-8116
-8211
-8446
-8735
-9019
-9128
-9268
-9412
-9621
-9721
-9788
-9872
-10006
-10176
-10322
-10353
-10426
-10456
-10526
-10612
-10660
-10666
-10612
-10435
-10360
-10282
-10284
-10217
-10065
-9968
-9866
-9702
-9586
-9376
-9173
-8983
-8784
-8581
-8379
-8229
-8129
-8023
-7781
-7517
-7219
-6975
-6813
-6598
-6345
-6055
-5774
-5593
-5337
-5116
-4838
-4628
-4402
-4223
-4014
-3719
-3390
-3128
-2898
-2700
-2561
-2311
-2128
-1956
-1699
-1416
-1128
-912
-701
-508
-391
-206
-147
-51
93
230
432
627
826
1048
1310
1546
1723
1813
1936
2047
2178
2423
2551
2808
2965
3132
3361
3504
3655
3868
4068
4377
4658
4886
5030
5087
5231
5509
5818
6108
6326
6514
6823
7055
7278
7512
7721
8029
8226
8439
8603
8794
9028
9199
9465
9701
9844
10055
10181
10317
10441
10507
10626
10763
10887
11013
10994
10950
10940
10964
11027
11052
10939
10920
10881
10849
10898
10753
10623
10456
10244
10120
9969
9845
9650
9474
9258
9014
8649
8300
7977
7737
7530
7190
6909
6498
6094
5724
5412
5093
4754
4474
4126
3852
3451
2973
2575
2249
2020
1774
1387
921
580
284
16
-368
-822
-1269
-1599
-1727
-1957
-2312
-2695
-3116
-3375
-3547
-3777
-4008
-4263
-4559
-4907
-5170
-5514
-5691
-5937
-6294
-6610
-7003
-7185
-7347
-7435
-7648
-7932
-8207
-8467
-8664
-8846
-9005
-9246
-9389
-9554
-9665
-9810
-9988
-10080
-10110
-10168
-10317
-10474
-10619
-10747
-10758
-10754
-10713
-10629
-10598
-10557
-10536
-10542
-10512
-10359
-10191
-9993
-9885
-9871
-9909
-9786
-9554
-9311
-9092
-8979
-8897
-8776
-8547
-8174
-7926
-7742
-7647
-7405
-7044
-6753
-6455
-6334
-6085
-5813
-5575
-5279
-5073
-4798
-4490
-4183
-3840
-3641
-3373
-3112
-2878
-2629
-2507
-2286
-2115
-1868
-1616
-1400
-1208
-1005
-848
-632
-417
-282
-20
165
397
587
661
826
1064
1236
1456
1512
1682
1850
2065
2222
2392
2566
2732
2935
3069
3343
3547
3828
4095
4278
4432
4626
4839
5098
5290
5384
5544
5788
6098
6405
6612
6828
7136
7419
7766
8055
8312
8499
8670
8789
8964
9169
9377
9609
9811
10038
10146
10316
10388
10541
10733
10855
11007
11041
11086
11055
11079
11051
11061
11092
11015
11032
10969
10933
10933
10790
10680
10474
10307
10181
9992
9802
9618
9559
9336
9110
8748
8478
8267
8017
7703
7338
6963
6630
6380
6114
5863
5598
5203
4812
4462
4090
3744
3441
3101
2731
2387
1987
1689
1435
1062
726
312
17
-141
-478
-827
-1232
-1525
-1764
-2050
-2344
-2729
-3043
-3368
-3656
-3940
-4310
-4685
-5006
-5243
-5451
-5724
-6014
-6322
-6620
-6767
-6939
-7115
-7445
-7790
-8013
-8145
-8288
-8459
-8682
-8871
-9009
-9220
-9465
-9612
-9655
-9708
-9781
-9951
-10110
-10266
-10365
-10417
-10410
-10427
-10512
-10551
-10583
-10539
-10362
-10318
-10122
-10096
-10102
-9988
-9962
-9767
-9672
-9542
-9334
-9144
-8925
-8756
-8630
-8417
-8240
-8028
-7716
-7490
-7216
-7038
-6900
-6677
-6457
-6124
-5850
-5561
-5397
-5100
-4795
-4505
-4167
-3985
-3763
-3528
-3296
-2990
-2741
-2520
-2295
-2044
-1822
-1577
-1406
-1260
-1007
-815
-576
-424
-317
-92
118
425
677
878
973
1092
1372
1642
1916
2093
2195
2426
2678
2868
3033
3107
3287
3592
3892
4197
4273
4374
4500
4731
5038
5294
5641
5865
6096
6309
6455
6699
6989
7296
7541
7753
7959
8207
8629
8809
8970
9138
9321
9737
9995
10228
10397
10532
10746
10897
11143
11320
11404
11501
11598
11778
11921
12003
12025
12060
12102
12218
12326
12298
12254
12147
12097
12109
12049
11963
11816
11717
11558
11434
11256
10979
10711
10480
10333
10231
9973
9704
9455
9264
9121
8817
8488
8179
7850
7497
7111
6701
6431
6105
5796
5458
5119
4835
4515
4128
3697
3350
3040
2806
2495
2097
1722
1330
982
720
406
54
-356
-710
-877
-1113
-1405
-1818
-2125
-2350
-2670
-2906
-3273
-3586
-3874
-4229
-4479
-4724
-4992
-5239
-5529
-5864
-6047
-6245
-6554
-6844
-7115
-7325
-7495
-7642
-7920
-8053
-8303
-8515
-8701
-8978
-9121
-9311
-9366
-9481
-9590
-9767
-9960
-9981
-10044
-10063
-10059
-10085
-10046
-10010
-9962
-9975
-9957
-9879
-9747
-9587
-9565
-9572
-9578
-9511
-9298
-9086
-8930
-8822
-8722
-8491
-8299
-8058
-7835
-7504
-7225
-7024
-6855
-6667
-6452
-6256
-5944
-5651
-5401
-5214
-5047
-4681
-4333
-4132
-3990
-3840
-3628
-3305
-2995
-2772
-2564
-2354
-2145
-1879
-1618
-1451
-1164
-920
-694
-510
-431
-280
-27
291
676
888
1050
1248
1448
1748
1890
1909
1966
2090
2287
2517
2551
2656
2796
3000
3307
3563
3813
3994
4172
4367
4577
4815
5054
5257
5601
5883
6195
6387
6564
6824
7029
7317
7526
7747
8036
8352
8606
8864
9083
9380
9636
9884
10077
10175
10320
10405
10588
10734
10918
11202
11458
11706
11717
11682
11648
11734
11882
11996
11976
11867
11944
12067
12156
12021
11737
11583
11581
11671
11618
11446
11121
10825
10588
10334
10129
9905
9622
9310
9110
8919
8766
8487
8070
7727
7369
7116
6810
6421
6068
5711
5370
5075
4739
4492
4190
3776
3372
2912
2557
2251
1870
1557
1103
681
283
-18
-257
-510
-871
-1232
-1593
-1880
-2161
-2391
-2625
-2980
-3264
-3604
-3876
-4147
-4486
-4782
-4979
-5156
-5343
-5624
-5978
-6290
-6530
-6715
-6940
-7149
-7420
-7669
-7861
-8057
-8185
-8433
-8663
-8825
-8975
-9023
-9180
-9319
-9496
-9680
-9862
-9924
-9986
-10064
-10146
-10304
-10346
-10347
-10281
-10233
-10213
-10219
-10215
-10177
-10153
-10075
-10012
-9864
-9644
-9451
-9346
-9253
-9210
-9067
-8858
-8660
-8361
-8232
-8015
-7737
-7483
-7229
-7020
-6766
-6490
-6286
-6015
-5868
-5624
-5436
-5207
-4951
-4747
-4511
-4298
-4085
-3795
-3506
-3251
-3080
-2910
-2721
-2397
-2076
-1847
-1616
-1465
-1242
-1011
-756
-495
-282
-43
128
366
629
795
982
1158
1403
1693
1864
2036
2093
2128
2210
2384
2677
2980
3190
3342
3473
3601
3927
4219
4483
4786
4965
5153
5347
5495
5824
6124
6413
6740
6909
7134
7368
7593
7883
8123
8348
8676
8977
9314
9660
9935
10174
10364
10537
10690
10890
11068
11243
11509
11700
11948
12145
12269
12388
12421
12403
12478
12572
12653
12692
12615
12662
12707
12658
12614
12463
12365
12326
12208
12083
11872
11704
11648
11559
11405
11125
10806
10542
10340
10168
9903
9566
9160
8831
8583
8398
8138
7834
7441
7046
6755
6364
6034
5651
5338
5022
4658
4264
3836
3480
3130
2877
2567
2279
2070
1701
1251
837
468
203
-12
-296
-564
-903
-1210
-1460
-1822
-2243
-2705
-2971
-3058
-3128
-3364
-3806
-4163
-4475
-4630
-4873
-5247
-5564
-5845
-5960
-6060
-6375
-6636
-6751
-6817
-6931
-7168
-7456
-7605
-7746
-7982
-8248
-8540
-8674
-8733
-8772
-8891
-8996
-9009
-9002
-8974
-9060
-9187
-9209
-9233
-9228
-9347
-9435
-9457
-9371
-9169
-9153
-9097
-9150
-9049
-8832
-8623
-8397
-8233
-8062
-7964
-7783
-7606
-7418
-7275
-7103
-6861
-6563
-6253
-6009
-5793
-5680
-5374
-5106
-4863
-4605
-4392
-4150
-3894
-3728
-3518
-3285
-2956
-2636
-2404
-2148
-1954
-1693
-1336
-1110
-946
-782
-609
-280
17
213
449
639
860
1100
1299
1626
1845
2045
2203
2342
2598
2841
3040
3187
3282
3435
3646
3900
4063
4222
4362
4480
4810
5112
5374
5645
5777
6066
6316
6570
6714
6775
6954
7256
7689
8011
8208
8344
8552
8878
9248
9469
9624
9813
9971
10263
10498
10609
10717
10788
11044
11353
11625
11852
11973
12129
12241
12362
12458
12512
12682
12765
12788
12805
12796
12820
12763
12689
12707
12710
12634
12461
12185
12045
11953
11904
11750
11512
11226
11109
10949
10815
10545
10200
9967
9681
9428
9178
8879
8548
8139
7720
7418
7098
6831
6524
6195
5896
5507
5168
4797
4443
4167
3822
3459
3081
2697
2520
2253
1884
1419
1007
744
556
239
-201
-594
-908
-1137
-1304
-1561
-1920
-2271
-2535
-2793
-3138
-3520
-3893
-4058
-4283
-4534
-4818
-5126
-5322
-5563
-5821
-6154
-6423
-6604
-6699
-6858
-7089
-7363
-7612
-7823
-7989
-8151
-8290
-8474
-8694
-8821
-8910
-9020
-9113
-9308
-9370
-9487
-9591
-9637
-9688
-9640
-9662
-9668
-9779
-9835
-9725
-9633
-9457
-9355
-9288
-9197
-9162
-9126
-9056
-8954
-8791
-8568
-8291
-8074
-7833
-7667
-7510
-7299
-7096
-6887
-6727
-6530
-6250
-5919
-5655
-5493
-5410
-5196
-4945
-4675
-4456
-4279
-4054
-3774
-3449
-3209
-3060
-2853
-2688
-2376
-2104
-1865
-1671
-1492
-1265
-1049
-867
-698
-492
-347
-179
-56
57
339
591
898
1056
1167
1313
1501
1695
1751
1892
2101
2325
2617
2693
2922
3142
3338
3624
3724
3874
4115
4368
4752
4993
5190
5417
5615
5877
6036
6222
6451
6547
6750
7007
7334
7677
7911
8055
8227
8468
8699
8900
9137
9326
9559
9778
10001
10167
10353
10523
10683
10804
10864
10946
11034
11218
11318
11389
11374
11426
11512
11583
11601
11456
11282
11154
11127
11069
10910
10708
10514
10342
10203
9975
9777
9571
9325
9118
8858
8666
8440
8213
7913
7586
7262
6975
6689
6272
5955
5566
5216
4854
4468
4189
3798
3446
3059
2734
2454
2108
1793
1458
1190
800
302
-86
-316
-503
-727
-1078
-1504
-1784
-2142
-2524
-2868
-3087
-3228
-3395
-3757
-4147
-4435
-4704
-4973
-5270
-5546
-5831
-6104
-6310
-6532
-6728
-6914
-7087
-7267
-7518
-7785
-8006
-8248
-8407
-8547
-8647
-8808
-9009
-9193
-9344
-9369
-9381
-9423
-9572
-9686
-9776
-9839
-9861
-9873
-9948
-9987
-10075
-10136
-10089
-10028
-9916
-9892
-9840
-9772
-9559
-9350
-9234
-9163
-9130
-9031
-8849
-8695
-8497
-8293
-8032
-7796
-7636
-7460
-7309
-6974
-6746
-6541
-6399
-6253
-5992
-5766
-5523
-5288
-4965
-4682
-4479
-4306
-4209
-4000
-3765
-3461
-3105
-2846
-2610
-2409
-2168
-1829
-1623
-1453
-1362
-1192
-871
-586
-243
-131
-41
113
361
669
870
1115
1298
1473
1608
1756
2075
2427
2698
2802
2852
2967
3230
3529
3698
3805
3883
4152
4571
4873
5096
5176
5330
5634
5970
6234
6481
6637
6954
7254
7483
7670
7842
8137
8502
8913
9151
9304
9371
9590
9966
10280
10482
10610
10846
11127
11378
11586
11611
11789
11937
12166
12337
12388
12378
12334
12424
12453
12595
12676
12713
12731
12688
12555
12438
12391
12274
12208
12071
11820
11595
11311
11173
10907
10676
10513
10324
10131
9844
9576
9405
9121
8810
8484
8101
7795
7402
6987
6595
6333
6134
5924
5550
5077
4557
4137
3759
3472
3224
2923
2578
2270
1963
1622
1210
840
534
204
-159
-519
-893
-1225
-1457
-1687
-1939
-2274
-2711
-3093
-3360
-3544
-3778
-4106
-4455
-4765
-4966
-5212
-5474
-5789
-6186
-6494
-6684
-6807
-6911
-7060
-7268
-7444
-7678
-7869
-8051
-8340
-8581
-8759
-8874
-8971
-9181
-9374
-9479
-9567
-9666
-9794
-9933
-9948
-9944
-9958
-9990
-10060
-10080
-10057
-9966
-9821
-9681
-9689
-9613
-9465
-9272
-9087
-9047
-9003
-8905
-8721
-8485
-8251
-8021
-7910
-7733
-7513
-7287
-6947
-6647
-6436
-6246
-6029
-5796
-5509
-5298
-5128
-4891
-4560
-4261
-3981
-3778
-3627
-3428
-3208
-2967
-2660
-2323
-2040
-1727
-1556
-1360
-1196
-1024
-818
-675
-555
-390
-149
27
336
547
747
1000
1118
1248
1343
1476
1799
1968
2181
2249
2360
2558
2732
2912
3116
3299
3570
3854
4084
4374
4541
4757
4913
5031
5214
5423
5686
5937
6203
6486
6775
7070
7292
7474
7689
7995
8310
8569
8709
8797
8968
9203
9574
9825
9984
10092
10178
10350
10609
10866
11156
11315
11490
11636
11725
11861
11935
11975
11974
11974
11966
12050
12100
12113
12115
11928
11808
11672
11660
11643
11519
11369
11177
11020
10729
10513
10250
10036
9901
9655
9521
9312
9057
8771
8402
7986
7687
7310
7002
6709
6391
6124
5721
5375
4941
4604
4267
3852
3432
3050
2754
2478
2172
1713
1246
867
548
314
-41
-384
-731
-990
-1246
-1578
-1913
-2223
-2551
-2909
-3229
-3491
-3635
-3820
-4194
-4614
-4893
-5126
-5295
-5600
-5939
-6212
-6405
-6569
-6813
-7166
-7430
-7636
-7825
-7979
-8264
-8519
-8689
-8737
-8746
-8901
-9153
-9406
-9560
-9616
-9712
-9801
-9924
-9961
-10008
-9996
-10030
-10099
-10075
-10097
-10089
-10051
-10061
-10003
-9913
-9840
-9731
-9624
-9530
-9347
-9139
-8955
-8867
-8690
-8501
-8317
-8151
-8047
-7848
-7642
-7422
-7208
-6962
-6683
-6464
-6184
-5991
-5693
-5473
-5284
-5049
-4895
-4666
-4523
-4337
-4038
-3694
-3442
-3262
-3120
-2912
-2565
-2234
-2001
-1790
-1545
-1257
-904
-631
-549
-470
-338
-158
139
339
506
728
940
1189
1392
1500
1682
1854
2123
2244
2327
2488
2695
3000
3182
3380
3503
3717
3933
4194
4501
4742
4954
5109
5265
5580
5871
6071
6281
6488
6789
7162
7409
7593
7765
7979
8285
8583
8802
8998
9186
9353
9535
9753
9924
10150
10365
10609
10872
11055
11157
11250
11330
11361
11458
11554
11685
11764
11792
11858
11843
11813
11771
11666
11710
11668
11530
11499
11357
11239
11172
10991
10845
10665
10559
10427
10191
9944
9624
9367
9144
8823
8532
8288
8029
7754
7382
6913
6520
6171
5924
5680
5327
4838
4299
3965
3820
3584
3251
2781
2382
2100
1773
1414
887
432
101
-272
-563
-842
-1157
-1366
-1715
-2068
-2382
-2633
-2825
-3113
-3452
-3771
-4085
-4325
-4552
-4836
-5093
-5394
-5684
-5922
-6204
-6510
-6811
-7047
-7212
-7342
-7512
-7772
-8009
-8179
-8287
-8503
-8804
-9165
-9434
-9524
-9555
-9634
-9764
-9886
-10038
-10122
-10167
-10240
-10231
-10229
-10322
-10406
-10456
-10500
-10400
-10359
-10345
-10280
-10147
-9977
-9841
-9779
-9643
-9506
-9268
-9156
-9081
-9054
-8956
-8678
-8411
-8195
-8096
-7996
-7728
-7394
-7085
-6849
-6653
-6417
-6178
-5987
-5765
-5571
-5306
-5073
-4882
-4686
-4404
-4109
-3786
-3459
-3232
-3031
-2857
-2661
-2431
-2259
-1996
-1761
-1561
-1421
-1244
-1009
-813
-626
-508
-335
-103
128
356
501
644
879
1141
1304
1475
1558
1594
1757
1942
2195
2309
2399
2509
2747
3060
3310
3486
3621
3924
4299
4617
4793
4876
5013
5307
5581
5857
6143
6367
6725
7004
7221
7430
7663
7912
8138
8409
8706
9048
9268
9410
9479
9590
9769
9951
10194
10352
10463
10569
10735
10978
11196
11293
11267
11311
11387
11383
11331
11198
11210
11325
11382
11309
11088
10944
10839
10780
10653
10369
10195
10075
9988
9807
9498
9219
9061
8941
8653
8303
7886
7612
7379
7087
6783
6451
6103
5688
5276
4841
4460
4193
3965
3654
3296
2894
2484
2166
1831
1555
1272
875
425
35
-295
-534
-851
-1249
-1605
-1978
-2260
-2583
-2808
-3072
-3392
-3705
-4046
-4366
-4598
-4831
-5123
-5384
-5805
-6103
-6426
-6701
-6924
-7189
-7325
-7445
-7635
-7815
-8098
-8357
-8571
-8754
-8903
-9127
-9378
-9552
-9712
-9834
-9887
-10001
-10124
-10262
-10373
-10388
-10364
-10380
-10482
-10595
-10675
-10604
-10518
-10497
-10503
-10504
-10515
-10374
-10200
-10086
-9994
-9968
-9823
-9596
-9398
-9287
-9166
-9021
-8738
-8487
-8332
-8163
-8072
-7782
-7511
-7192
-6861
-6607
-6347
-6204
-5972
-5873
-5647
-5438
-5211
-4987
-4718
-4378
-4142
-3976
-3821
-3499
-3140
-2735
-2505
-2386
-2254
-2091
-1860
-1654
-1437
-1365
-1145
-857
-616
-395
-262
-101
35
198
384
596
850
978
1151
1248
1468
1698
1837
2029
2081
2307
2542
2747
2995
3169
3357
3553
3753
4016
4312
4537
4746
4937
5113
5386
5581
5831
6112
6371
6583
6718
6884
7107
7441
7833
8178
8413
8542
8644
8846
9148
9463
9711
9909
10045
10208
10415
10573
10728
10877
10981
11138
11078
11062
11002
11014
11121
11103
11139
11070
11065
11102
11176
11062
10933
10842
10765
10725
10558
10258
10056
9844
9624
9445
9167
8979
8795
8481
8112
7736
7457
7269
7071
6737
6363
5961
5642
5249
4776
4371
3974
3740
3452
3083
2722
2397
2113
1804
1416
1051
732
366
-6
-363
-665
-925
-1285
-1615
-1986
-2347
-2640
-2970
-3125
-3361
-3698
-4056
-4423
-4707
-4975
-5292
-5530
-5817
-6032
-6336
-6588
-6825
-7081
-7279
-7558
-7854
-8161
-8476
-8685
-8854
-8929
-8984
-9177
-9470
-9788
-10038
-10086
-10128
-10156
-10316
-10489
-10588
-10670
-10702
-10832
-11009
-11057
-10974
-10891
-10830
-10929
-10998
-11039
-11075
-11027
-10986
-10949
-10853
-10688
-10493
-10303
-10190
-10068
-9873
-9758
-9565
-9416
-9266
-9025
-8825
-8518
-8297
-8179
-7962
-7804
-7565
-7338
-7085
-6856
-6680
-6399
-6187
-5856
-5667
-5475
-5223
-4948
-4628
-4338
-4033
-3770
-3601
-3481
-3352
-3151
-2838
-2578
-2355
-2227
-2077
-1895
-1688
-1500
-1320
-1085
-885
-706
-527
-341
-88
91
260
406
547
700
837
964
1162
1344
1595
1772
1908
2071
2266
2557
2857
3089
3340
3564
3836
4038
4251
4439
4571
4794
4976
5181
5457
5702
5963
6209
6470
6729
7002
7272
7534
7805
8066
8269
8499
8736
8884
9079
9222
9393
9597
9696
9854
10004
10106
10206
10236
10272
10386
10452
10535
10565
10518
10491
10391
10391
10277
10102
9956
9782
9736
9660
9464
9290
9122
9041
8933
8740
8363
7982
7674
7484
7351
7079
6786
6545
6321
6066
5604
5223
4806
4528
4235
3873
3542
3121
2755
2325
1894
1598
1297
997
574
127
-241
-580
-886
-1224
-1526
-1889
-2166
-2546
-2863
-3232
-3655
-3912
-4161
-4313
-4527
-4971
-5338
-5607
-5803
-6056
-6440
-6843
-7097
-7166
-7307
-7504
-7866
-8104
-8269
-8421
-8623
-8921
-9204
-9428
-9611
-9848
-10122
-10341
-10536
-10676
-10796
-10901
-11027
-11228
-11400
-11582
-11607
-11702
-11722
-11807
-11798
-11683
-11649
-11665
-11888
-11993
-11946
-11803
-11631
-11470
-11380
-11283
-11189
-11047
-10895
-10755
-10672
-10584
-10413
-10167
-9921
-9689
-9554
-9435
-9257
-8976
-8704
-8508
-8279
-8120
-7863
-7629
-7441
-7175
-6949
-6745
-6438
-6183
-5905
-5621
-5412
-5196
-4972
-4765
-4526
-4369
-4156
-3868
-3657
-3313
-3132
-2960
-2809
-2682
-2478
-2196
-1889
-1670
-1402
-1257
-1096
-906
-677
-410
-273
-185
-98
59
289
528
668
804
952
1269
1578
1907
2061
2146
2279
2442
2714
2838
3021
3268
3634
3893
4084
4090
4279
4597
4963
5273
5433
5551
5796
6127
6465
6717
6964
7223
7514
7820
7874
8052
8308
8510
8792
8940
9098
9307
9524
9728
9902
9973
9973
9967
10075
10147
10190
10175
10115
10127
10130
10089
10044
9960
9842
9757
9582
9469
9263
9058
8884
8709
8550
8433
8201
7955
7686
7485
7367
7159
6879
6512
6197
5923
5640
5326
4889
4510
4116
3758
3424
3147
2829
2481
2060
1621
1331
1050
718
292
-93
-433
-702
-1020
-1386
-1730
-2079
-2489
-2853
-3188
-3423
-3586
-3884
-4166
-4499
-4802
-5052
-5296
-5556
-5819
-6136
-6527
-6811
-7109
-7281
-7436
-7622
-7904
-8220
-8402
-8666
-8819
-9035
-9322
-9496
-9769
-9964
-10137
-10234
-10359
-10561
-10769
-10953
-10984
-11057
-11132
-11253
-11383
-11468
-11457
-11445
-11498
-11590
-11720
-11710
-11622
-11480
-11377
-11387
-11360
-11337
-11230
-11085
-10946
-10867
-10770
-10625
-10460
-10246
-10120
-9969
-9751
-9485
-9216
-9066
-8878
-8758
-8488
-8258
-8059
-7909
-7724
-7485
-7151
-6730
-6409
-6168
-6031
-5838
-5610
-5277
-4997
-4688
-4417
-4258
-4016
-3787
-3503
-3188
-2978
-2732
-2547
-2404
-2149
-1903
-1704
-1445
-1276
-1114
-936
-776
-462
-262
-21
214
419
582
670
939
1174
1423
1562
1621
1830
2098
2386
2704
2932
3125
3302
3462
3679
3937
4113
4255
4381
4543
4821
5118
5457
5762
6000
6274
6487
6710
6874
7077
7350
7692
7935
8121
8265
8471
8764
9091
9298
9484
9503
9701
9923
10051
10186
10198
10354
10556
10637
10742
10707
10745
10756
10706
10738
10694
10694
10615
10523
10369
10263
10167
10008
9945
9813
9672
9420
9113
8913
8618
8452
8197
8004
7795
7559
7257
6896
6558
6255
6006
5729
5344
4967
4558
4201
3854
3397
3051
2667
2387
2095
1744
1339
983
685
335
-127
-608
-1019
-1268
-1441
-1748
-2140
-2541
-2827
-3010
-3210
-3614
-4003
-4246
-4375
-4517
-4919
-5376
-5738
-5927
-6096
-6382
-6637
-6926
-7204
-7445
-7701
-7937
-8178
-8357
-8597
-8859
-9133
-9325
-9537
-9709
-9928
-10138
-10406
-10629
-10855
-11044
-11097
-11213
-11370
-11487
-11562
-11562
-11555
-11627
-11711
-11793
-11853
-11830
-11735
-11643
-11686
-11704
-11740
-11782
-11631
-11547
-11424
-11306
-11286
-11127
-10929
-10694
-10467
-10302
-10085
-9896
-9717
-9483
-9228
-8980
-8765
-8595
-8394
-8099
-7822
-7513
-7257
-6944
-6723
-6509
-6371
-6114
-5750
-5383
-4975
-4741
-4582
-4525
-4373
-4043
-3665
-3414
-3270
-3121
-2844
-2515
-2332
-2131
-2021
-1859
-1605
-1326
-1135
-910
-781
-588
-368
-143
134
256
426
570
770
1079
1275
1457
1604
1755
1916
2136
2419
2774
3096
3356
3488
3662
3882
4083
4283
4394
4604
4938
5270
5522
5706
5780
5985
6338
6673
6984
7123
7344
7565
7932
8317
8647
8825
8896
9098
9340
9573
9673
9723
9871
10010
10178
10245
10338
10458
10571
10678
10767
10832
10819
10755
10667
10632
10659
10611
10488
10374
10255
10213
10075
9918
9707
9525
9373
9204
8973
8693
8466
8209
7917
7628
7353
6976
6679
6442
6149
5821
5342
4993
4721
4427
4013
3648
3230
2867
2629
2278
2020
1642
1369
1141
788
396
-147
-700
-1043
-1299
-1415
-1660
-2056
-2477
-2853
-3189
-3494
-3767
-4014
-4277
-4516
-4808
-5111
-5433
-5735
-6070
-6343
-6647
-6910
-7091
-7308
-7535
-7805
-8044
-8267
-8539
-8837
-9099
-9311
-9465
-9690
-9834
-9944
-10046
-10143
-10412
-10625
-10790
-10875
-10953
-11063
-11197
-11309
-11342
-11384
-11427
-11430
-11449
-11471
-11505
-11555
-11566
-11530
-11495
-11465
-11373
-11241
-11116
-10969
-10801
-10669
-10512
-10374
-10247
-10150
-10039
-9888
-9652
-9352
-9143
-8983
-8817
-8602
-8315
-8015
-7789
-7506
-7174
-6947
-6674
-6549
-6293
-5977
-5736
-5388
-5292
-5104
-4804
-4428
-4005
-3716
-3607
-3451
-3184
-2873
-2680
-2618
-2522
-2319
-2031
-1753
-1566
-1423
-1205
-1101
-872
-741
-564
-363
-215
-66
76
258
422
689
894
1144
1388
1556
1741
1941
2165
2337
2635
2918
3232
3435
3602
3766
4043
4317
4593
4871
5072
5267
5514
5753
5989
6182
6346
6589
6896
7268
7558
7787
8003
8268
8548
8791
8984
9073
9186
9402
9580
9773
9845
9981
10164
10411
10598
10641
10652
10704
10797
10867
10860
10758
10780
10794
10782
10696
10607
10577
10518
10432
10328
10179
10037
9754
9486
9203
9013
8903
8781
8597
8229
7857
7498
7312
7119
6863
6562
6139
5759
5404
5032
4687
4294
3960
3705
3374
3112
2690
2379
2040
1703
1396
997
536
143
-219
-556
-814
-1218
-1585
-1897
-2114
-2363
-2699
-3103
-3422
-3659
-3926
-4383
-4805
-5095
-5362
-5538
-5842
-6160
-6424
-6727
-6926
-7146
-7331
-7621
-7961
-8229
-8483
-8668
-8895
-9203
-9489
-9636
-9742
-9899
-10173
-10422
-10533
-10620
-10802
-10931
-11183
-11241
-11282
-11333
-11271
-11404
-11494
-11585
-11679
-11637
-11571
-11491
-11483
-11542
-11534
-11507
-11394
-11310
-11267
-11159
-11099
-10933
-10791
-10653
-10530
-10367
-10128
-9844
-9626
-9404
-9263
-8997
-8789
-8619
-8424
-8224
-7938
-7644
-7376
-7162
-6823
-6490
-6227
-6032
-5813
-5496
-5228
-4949
-4765
-4561
-4259
-3925
-3542
-3304
-3144
-2971
-2723
-2421
-2196
-2037
-1795
-1568
-1350
-1226
-1141
-934
-709
-498
-296
-137
57
158
400
564
733
977
1154
1414
1578
1686
1831
2004
2317
2586
2802
3003
3157
3464
3724
3962
4180
4365
4644
4889
5157
5407
5602
5719
5915
6192
6485
6755
7012
7255
7480
7703
7986
8191
8386
8606
8807
9106
9347
9510
9657
9819
10014
10245
10376
10414
10498
10658
10886
11023
10994
10942
10924
11003
11074
10965
10844
10724
10646
10678
10623
10462
10272
10036
9846
9616
9434
9329
9177
9059
8796
8496
8219
7789
7487
7148
6862
6593
6206
5943
5620
5342
5061
4728
4389
3992
3636
3352
3064
2792
2501
2177
1849
1465
1052
615
189
-196
-523
-780
-1076
-1379
-1771
-2166
-2493
-2744
-2919
-3157
-3475
-3850
-4210
-4472
-4588
-4838
-5151
-5502
-5845
-6083
-6340
-6593
-6849
-7103
-7347
-7523
-7714
-7881
-7984
-8216
-8385
-8637
-8820
-8997
-9253
-9548
-9823
-9979
-10051
-10108
-10199
-10341
-10463
-10550
-10555
-10598
-10658
-10763
-10761
-10712
-10635
-10532
-10601
-10608
-10626
-10478
-10249
-10074
-9974
-10019
-10009
-9948
-9708
-9445
-9321
-9164
-9043
-8843
-8633
-8364
-8097
-7957
-7761
-7581
-7308
-7043
-6812
-6557
-6419
-6169
-5925
-5681
-5393
-5231
-4943
-4711
-4391
-4106
-3858
-3684
-3535
-3329
-3113
-2852
-2679
-2494
-2359
-2170
-1912
-1671
-1507
-1308
-1101
-834
-616
-489
-295
-176
41
275
479
657
746
864
1124
1293
1441
1536
1728
1977
2307
2609
2720
2909
3148
3480
3701
3782
3931
4165
4450
4729
4945
5085
5232
5469
5736
6084
6348
6529
6739
6919
7303
7647
7900
8090
8271
8543
8824
8982
9152
9377
9586
9858
9949
10078
10217
10369
10551
10590
10618
10618
10729
10847
10976
11021
11009
11014
11079
11116
11091
11057
10864
10825
10679
10583
10459
10267
10118
9904
9687
9420
9183
8987
8771
8587
8342
8029
7801
7546
7262
6910
6535
6238
5933
5661
5238
4847
4482
4136
3843
3521
3196
2866
2609
2281
1902
1456
1078
739
372
77
-279
-574
-895
-1249
-1543
-1879
-2260
-2612
-2964
-3212
-3451
-3675
-3954
-4364
-4696
-5000
-5227
-5393
-5762
-6051
-6357
-6662
-6925
-7192
-7429
-7599
-7835
-8021
-8295
-8539
-8823
-9136
-9315
-9534
-9610
-9738
-9924
-10092
-10285
-10413
-10487
-10667
-10873
-11016
-11127
-11060
-11061
-11121
-11139
-11140
-11039
-10979
-10982
-10982
-10974
-10873
-10766
-10662
-10572
-10465
-10334
-10197
-10053
-9965
-9796
-9599
-9366
-9241
-9110
-8886
-8564
-8234
-8020
-7904
-7770
-7525
-7184
-6808
-6633
-6486
-6304
-6072
-5691
-5423
-5182
-4972
-4783
-4553
-4315
-4083
-3898
-3672
-3500
-3222
-2959
-2828
-2540
-2320
-2042
-1751
-1570
-1340
-1233
-1155
-1105
-894
-705
-451
-259
-62
173
330
515
624
830
1091
1271
1539
1743
1891
2104
2255
2442
2724
2965
3236
3325
3440
3653
3917
4322
4516
4711
4889
5132
5421
5629
5780
5947
6167
6501
6823
7061
7284
7522
7836
8226
8493
8651
8812
8949
9265
9559
9718
9815
9814
10047
10352
10636
10836
10706
10697
10724
10813
10971
10995
11015
11097
11135
11123
11038
10961
10884
10776
10801
10758
10669
10478
10232
10077
9914
9789
9570
9353
9164
8954
8776
8489
8249
7971
7673
7379
6984
6576
6176
5891
5682
5320
4919
4541
4239
3999
3624
3248
2822
2491
2213
1894
1619
1266
855
426
52
-257
-588
-963
-1334
-1583
-1785
-2052
-2483
-2847
-3213
-3515
-3854
-4260
-4514
-4762
-5032
-5246
-5523
-5720
-5894
-6118
-6428
-6763
-7024
-7240
-7433
-7727
-7969
-8263
-8440
-8641
-8950
-9139
-9365
-9501
-9630
-9814
-9952
-10169
-10234
-10320
-10354
-10489
-10625
-10707
-10800
-10868
-10978
-11073
-11129
-11010
-10918
-10832
-10825
-10838
-10718
-10595
-10507
-10498
-10430
-10349
-10126
-9940
-9767
-9639
-9431
-9236
-9025
-8875
-8749
-8435
-8099
-7768
-7667
-7604
-7512
-7328
-7041
-6748
-6475
-6297
-6037
-5875
-5568
-5340
-5082
-4816
-4552
-4173
-3909
-3658
-3460
-3237
-2964
-2733
-2517
-2357
-2248
-2111
-1889
-1640
-1409
-1200
-1049
-841
-620
-338
-147
75
185
359
533
678
878
1021
1210
1339
1544
1834
2101
2357
2553
2780
3063
3316
3518
3785
4046
4365
4565
4711
4893
5167
5463
5688
5849
5989
6290
6640
6963
7248
7427
7638
7893
8296
8594
8821
9016
9204
9517
9711
9902
10099
10275
10543
10679
10791
10908
11036
11180
11370
11433
11647
11808
11885
11911
11751
11589
11581
11553
11610
11577
11490
11495
11435
11315
11154
11009
10944
10853
10698
10336
10092
9877
9651
9528
9233
8972
8680
8379
8091
7835
7503
7107
6639
6219
5924
5676
5429
5068
4652
4247
3894
3552
3202
2882
2527
2180
1842
1462
1077
651
219
-153
-427
-633
-929
-1229
-1542
-1801
-2080
-2401
-2683
-2971
-3271
-3563
-3910
-4119
-4314
-4578
-4898
-5305
-5611
-5802
-6044
-6328
-6583
-6854
-7000
-7178
-7385
-7618
-7831
-8059
-8260
-8405
-8582
-8749
-9007
-9238
-9434
-9569
-9682
-9799
-9926
-10005
-10166
-10255
-10322
-10445
-10437
-10407
-10401
-10288
-10269
-10214
-10157
-10164
-10180
-10095
-9970
-9829
-9704
-9585
-9417
-9249
-9045
-8920
-8756
-8624
-8415
-8170
-7983
-7784
-7603
-7278
-6890
-6525
-6240
-6039
-5867
-5652
-5393
-5106
-4848
-4663
-4377
-4125
-3863
-3669
-3504
-3296
-3039
-2706
-2431
-2188
-1987
-1755
-1464
-1201
-996
-844
-756
-557
-339
-70
138
302
455
565
794
1045
1254
1357
1430
1665
1926
2155
2257
2278
2491
2735
3057
3340
3403
3561
3697
3993
4311
4576
4723
4877
5070
5356
5590
5769
6055
6279
6641
6944
7075
7294
7520
7762
8020
8230
8387
8616
8880
9143
9482
9694
9979
10224
10411
10515
10572
10715
10927
11163
11291
11384
11538
11675
11902
11989
11941
12001
11949
12037
12053
12033
12052
11941
11838
11712
11526
11343
11129
11062
11003
10908
10683
10346
10067
9835
9665
9427
9194
8916
8729
8445
8067
7681
7270
7000
6693
6430
6153
5766
5409
5034
4599
4243
3852
3468
3060
2674
2340
2027
1703
1319
941
672
300
-9
-356
-639
-850
-1158
-1456
-1880
-2280
-2558
-2821
-3004
-3321
-3661
-3944
-4229
-4534
-4927
-5355
-5676
-5902
-6009
-6198
-6432
-6645
-6903
-7115
-7415
-7709
-7913
-7993
-8083
-8117
-8266
-8518
-8796
-8988
-9196
-9335
-9419
-9589
-9642
-9794
-9913
-10027
-10169
-10256
-10344
-10366
-10337
-10258
-10216
-10252
-10309
-10384
-10347
-10230
-10035
-9938
-9855
-9817
-9731
-9542
-9421
-9231
-9153
-9042
-8846
-8590
-8271
-8037
-7893
-7811
-7636
-7393
-7044
-6789
-6591
-6316
-6013
-5748
-5450
-5292
-5118
-4870
-4588
-4268
-3996
-3693
-3362
-2986
-2715
-2643
-2588
-2397
-2007
-1570
-1344
-1200
-1134
-951
-552
-277
-4
148
401
646
828
982
1084
1346
1654
1870
1986
1998
2159
2481
2835
3042
3144
3286
3521
3876
4140
4326
4571
4743
5007
5175
5410
5683
5861
6123
6352
6654
6984
7228
7548
7713
7896
8146
8359
8675
8894
9150
9343
9569
9842
10048
10328
10471
10618
10833
11108
11340
11496
11661
11847
11979
12093
12275
12364
12420
12459
12421
12488
12484
12522
12565
12572
12545
12553
12611
12585
12489
12301
12062
11950
11835
11750
11600
11325
11072
10802
10605
10369
10105
9806
9511
9249
8967
8740
8395
8130
7788
7389
7055
6633
6323
5991
5665
5291
4905
4500
4149
3789
3416
3044
2609
2287
2037
1806
1416
1042
638
402
100
-260
-604
-860
-1024
-1299
-1638
-2028
-2285
-2539
-2751
-3159
-3439
-3665
-3905
-4121
-4546
-4938
-5199
-5462
-5683
-5947
-6167
-6372
-6587
-6778
-6987
-7169
-7356
-7593
-7862
-8074
-8169
-8243
-8433
-8659
-8954
-9051
-9170
-9272
-9383
-9552
-9674
-9795
-9917
-9998
-10041
-10103
-10037
-9968
-9866
-9843
-9779
-9658
-9494
-9413
-9392
-9365
-9329
-9216
-9131
-8992
-8802
-8598
-8407
-8108
-7908
-7748
-7503
-7396
-7096
-6754
-6449
-6204
-6044
-5947
-5705
-5446
-5166
-4834
-4594
-4441
-4310
-4112
-3717
-3349
-3047
-2852
-2722
-2499
-2204
-1846
-1690
-1410
-1198
-978
-728
-677
-549
-438
-209
125
374
622
812
984
1185
1433
1729
1928
2005
2054
2245
2482
2707
2825
2888
3101
3309
3577
3794
3968
4194
4337
4567
4822
4997
5157
5340
5582
5782
5980
6299
6581
6920
7149
7290
7529
7724
7969
8284
8584
8894
9125
9226
9408
9634
9891
10132
10290
10441
10662
10866
11019
11204
11297
11462
11640
11703
11829
11902
11935
12021
12028
12036
11982
11896
11876
11856
11812
11808
11630
11535
11337
11224
11141
10938
10767
10582
10439
10316
10079
9817
9549
9198
8968
8663
8405
8174
7904
7554
7183
6797
6522
6308
5969
5521
5019
4616
4393
4108
3768
3383
2972
2700
2497
2253
1926
1555
1128
816
556
217
-217
-691
-1030
-1304
-1539
-1854
-2228
-2487
-2777
-3040
-3274
-3611
-3910
-4221
-4505
-4808
-5136
-5423
-5725
-6071
-6346
-6640
-6845
-6948
-7109
-7331
-7556
-7748
-7890
-8053
-8257
-8494
-8609
-8723
-8848
-9054
-9260
-9416
-9461
-9587
-9733
-9840
-10015
-10073
-10129
-10116
-10023
-10012
-10026
-10055
-9950
-9816
-9683
-9637
-9702
-9662
-9541
-9293
-9084
-9070
-9032
-8938
-8713
-8448
-8169
-7936
-7736
-7582
-7351
-7061
-6792
-6563
-6458
-6375
-6143
-5853
-5508
-5290
-5053
-4857
-4628
-4332
-4085
-3851
-3652
-3474
-3318
-3057
-2869
-2670
-2497
-2220
-1901
-1647
-1378
-1189
-1000
-833
-736
-570
-419
-280
-48
168
411
670
824
1009
1248
1371
1508
1627
1875
2036
2174
2243
2308
2484
2720
3001
3249
3462
3657
3895
4101
4310
4468
4609
4849
5071
5297
5521
5732
5990
6229
6468
6646
6913
7244
7532
7812
7970
8169
8467
8672
8907
9070
9278
9482
9712
9910
10058
10252
10495
10654
10699
10807
10831
10904
10990
11055
11136
11281
11317
11291
11263
11212
11222
11298
11269
11174
11123
10991
10941
10907
10742
10619
10364
10169
9891
9599
9423
9191
9045
8862
8528
8201
7808
7511
7317
6925
6584
6211
5930
5739
5430
5131
4681
4308
3927
3635
3362
3076
2767
2525
2183
1906
1564
1099
744
446
203
-14
-401
-725
-1034
-1313
-1640
-2041
-2344
-2589
-2749
-2944
-3330
-3658
-4080
-4321
-4555
-4828
-5067
-5372
-5589
-5689
-5884
-6180
-6529
-6889
-7053
-7317
-7547
-7766
-7996
-7990
-8119
-8261
-8489
-8700
-8853
-9043
-9153
-9253
-9341
-9355
-9381
-9446
-9543
-9730
-9808
-9841
-9873
-9906
-10002
-9997
-9871
-9752
-9658
-9554
-9518
-9411
-9279
-9127
-9004
-8975
-8923
-8823
-8538
-8266
-8000
-7870
-7768
-7590
-7434
-7154
-7003
-6779
-6511
-6240
-5952
-5777
-5607
-5359
-5020
-4761
-4530
-4379
-4086
-3789
-3510
-3264
-3090
-2855
-2576
-2238
-1922
-1700
-1528
-1336
-1125
-877
-650
-440
-203
-24
161
249
312
522
693
941
1183
1367
1526
1733
1884
2190
2436
2626
2826
2967
3198
3434
3702
3867
4078
4301
4609
4881
5039
5161
5333
5574
5917
6236
6419
6626
6842
7128
7456
7774
8098
8324
8562
8748
8868
9150
9346
9695
9982
10219
10389
10517
10682
10884
11090
11322
11551
11658
11764
11841
11972
12083
12125
12246
12320
12408
12426
12362
12386
12362
12423
12438
12393
12316
12180
12009
11886
11726
11541
11407
11231
11024
10874
10624
10431
10180
9940
9748
9452
9148
8911
8622
8360
7981
7592
7317
7034
6837
6491
6102
5607
5145
4888
4625
4365
4082
3694
3368
3060
2746
2379
1890
1396
1025
667
272
-100
-450
-623
-848
-1090
-1401
-1665
-1915
-2244
-2596
-2955
-3168
-3439
-3652
-3927
-4187
-4434
-4746
-5145
-5384
-5654
-5774
-6004
-6247
-6517
-6810
-7022
-7194
-7346
-7552
-7743
-7900
-7998
-8154
-8311
-8571
-8751
-8864
-8950
-9028
-9171
-9376
-9565
-9637
-9731
-9785
-9808
-9832
-9776
-9779
-9768
-9710
-9591
-9501
-9446
-9367
-9323
-9228
-9131
-9022
-8911
-8788
-8549
-8353
-8232
-8074
-8002
-7730
-7533
-7347
-7226
-7041
-6771
-6489
-6195
-5996
-5845
-5673
-5424
-5091
-4734
-4551
-4449
-4336
-4116
-3801
-3574
-3326
-3123
-2872
-2553
-2348
-2114
-1930
-1767
-1559
-1361
-1202
-974
-794
-504
-298
-194
-92
-29
171
325
488
677
875
1163
1402
1568
1643
1732
1911
2204
2385
2498
2511
2666
3021
3313
3552
3669
3827
4076
4329
4445
4641
4818
5130
5408
5710
5992
6216
6512
6727
7030
7298
7426
7609
7753
8025
8404
8659
8799
8863
8880
9135
9304
9535
9668
9813
10062
10176
10316
10282
10287
10399
10523
10631
10653
10636
10677
10713
10756
10705
10558
10463
10391
10323
10251
10021
9896
9819
9715
9671
9511
9340
9140
8886
8571
8368
8085
7840
7520
7173
6910
6599
6376
6065
5757
5471
5071
4681
4274
3955
3661
3420
3113
2797
2479
2139
1735
1366
1070
667
290
-71
-308
-573
-963
-1286
-1500
-1661
-1829
-2148
-2497
-2778
-3020
-3319
-3601
-3965
-4334
-4627
-4891
-5088
-5444
-5742
-6158
-6446
-6541
-6718
-6909
-7252
-7597
-7831
-8020
-8189
-8417
-8624
-8845
-9051
-9265
-9530
-9719
-9879
-9929
-9964
-9997
-10040
-10195
-10265
-10387
-10459
-10516
-10537
-10507
-10497
-10523
-10518
-10425
-10346
-10278
-10253
-10273
-10160
-10117
-10018
-9884
-9838
-9727
-9583
-9370
-9139
-8979
-8814
-8678
-8459
-8192
-7919
-7597
-7352
-7137
-6992
-6846
-6665
-6286
-6031
-5766
-5542
-5345
-5117
-4975
-4821
-4672
-4472
-4160
-3857
-3530
-3297
-3126
-3029
-2775
-2497
-2201
-1932
-1876
-1692
-1575
-1420
-1239
-1130
-945
-649
-345
-36
136
213
381
621
886
1113
1151
1244
1350
1572
1791
1935
2060
2181
2415
2704
3011
3273
3441
3675
3894
4126
4355
4646
4990
5309
5577
5733
5921
6149
6433
6783
7021
7260
7525
7852
8231
8525
8642
8750
8888
9089
9339
9457
9618
9849
10162
10464
10624
10736
10878
10968
11086
11145
11214
11340
11423
11465
11498
11508
11500
11493
11435
11453
11509
11624
11620
11481
11239
10973
10785
10767
10672
10480
10275
10122
10026
9891
9592
9257
9003
8723
8493
8187
7756
7382
7107
6844
6535
6221
5910
5599
5308
4895
4533
4214
3920
3681
3365
3001
2730
2392
2037
1666
1337
1028
745
342
-14
-327
-623
-898
-1125
-1374
-1662
-1998
-2356
-2600
-2796
-3018
-3276
-3584
-3897
-4144
-4381
-4617
-4907
-5212
-5560
-5771
-6068
-6223
-6461
-6685
-6871
-7126
-7346
-7588
-7743
-7915
-8004
-8215
-8390
-8584
-8781
-8838
-8897
-8974
-9136
-9304
-9339
-9418
-9447
-9425
-9428
-9394
-9376
-9381
-9333
-9206
-9170
-9086
-9002
-8903
-8723
-8668
-8617
-8510
-8400
-8153
-7996
-7970
-7819
-7587
-7240
-6923
-6730
-6624
-6427
-6242
-5933
-5719
-5482
-5224
-4995
-4791
-4579
-4356
-4099
-3865
-3627
-3331
-3028
-2717
-2443
-2258
-2102
-1872
-1610
-1421
-1296
-1189
-983
-723
-487
-282
-147
65
326
443
563
619
881
1147
1458
1652
1765
1949
2065
2204
2318
2458
2685
2862
3043
3186
3390
3620
3901
4149
4323
4507
4710
4957
5155
5358
5531
5777
6026
6292
6490
6741
7014
7264
7511
7667
7899
8057
8306
8734
9007
9263
9434
9613
9951
10166
10431
10505
10717
10963
11174
11322
11342
11453
11586
11760
11935
12045
12080
12074
12153
12183
12188
12156
12176
12225
12127
12042
11921
11817
11786
11642
11437
11216
10951
10836
10635
10421
10216
9997
9832
9626
9325
8997
8617
8286
8014
7708
7429
7098
6766
6505
6127
5810
5374
4928
4545
4161
3860
3556
3297
3018
2712
2389
1991
1622
1251
957
698
320
-96
-498
-732
-913
-1230
-1698
-2062
-2345
-2521
-2767
-3167
-3520
-3881
-4113
-4344
-4708
-5057
-5398
-5665
-5925
-6174
-6401
-6560
-6680
-6838
-7101
-7408
-7648
-7820
-7928
-8158
-8456
-8748
-8937
-9110
-9281
-9381
-9512
-9590
-9729
-9878
-9909
-10021
-10147
-10341
-10471
-10508
-10483
-10341
-10266
-10150
-10122
-10096
-10096
-10166
-10150
-10082
-9927
-9754
-9670
-9593
-9413
-9175
-8922
-8672
-8484
-8258
-8077
-7856
-7724
-7607
-7408
-7151
-6803
-6574
-6430
-6317
-6115
-5829
-5555
-5336
-5235
-4986
-4679
-4378
-4177
-4028
-3836
-3633
-3351
-3102
-2886
-2690
-2514
-2279
-2037
-1815
-1588
-1415
-1243
-1129
-923
-670
-551
-326
-124
219
479
649
805
959
1236
1391
1525
1669
1845
2071
2308
2457
2669
2823
3081
3326
3569
3750
4004
4209
4461
4696
4852
5131
5363
5619
5880
6077
6356
6619
6943
7256
7431
7659
7881
8201
8511
8758
8927
9174
9377
9610
9770
9819
9949
10200
10389
10677
10825
10935
11012
11018
11115
11311
11413
11543
11479
11432
11415
11389
11439
11379
11257
11127
11024
10966
10935
10794
10640
10389
10083
9862
9706
9594
9490
9297
9055
8800
8537
8349
7897
7549
7224
6899
6707
6334
5997
5609
5171
4889
4577
4244
3853
3494
3095
2753
2347
2001
1734
1465
1232
882
459
-15
-291
-564
-863
-1320
-1725
-1989
-2308
-2661
-3054
-3367
-3571
-3826
-4121
-4424
-4686
-4951
-5232
-5580
-5924
-6215
-6462
-6633
-6902
-7167
-7433
-7604
-7772
-7969
-8210
-8527
-8786
-8949
-9148
-9313
-9569
-9827
-10016
-10190
-10199
-10308
-10509
-10699
-10884
-10876
-10902
-10890
-10955
-11054
-11082
-11074
-11027
-10947
-10868
-10804
-10831
-10869
-10917
-10894
-10861
-10829
-10625
-10523
-10329
-10197
-10089
-9838
-9684
-9369
-9155
-9034
-8803
-8638
-8361
-8133
-7920
-7662
-7413
-7125
-6908
-6736
-6535
-6239
-5987
-5711
-5436
-5151
-4856
-4558
-4310
-4060
-3753
-3541
-3310
-3161
-3034
-2860
-2695
-2407
-2173
-1924
-1663
-1509
-1308
-1099
-817
-488
-263
-54
61
255
471
626
808
897
1079
1312
1515
1787
2002
2177
2379
2608
2827
3026
3194
3434
3635
3880
4225
4445
4751
4913
5090
5326
5563
5787
6048
6255
6463
6789
6995
7326
7555
7839
8112
8398
8658
8862
9163
9374
9543
9689
9860
10063
10340
10512
10688
10738
10778
10863
10900
11008
11092
11168
11216
11264
11363
11328
11301
11154
11071
11059
11026
10936
10690
10357
10109
9969
9850
9719
9551
9364
9185
8875
8582
8285
8061
7879
7670
7336
6948
6557
6204
5889
5541
5255
4860
4510
4083
3718
3416
3028
2666
2271
1977
1698
1350
1056
725
432
50
-385
-710
-1081
-1359
-1630
-1977
-2246
-2582
-2974
-3174
-3420
-3650
-3984
-4412
-4747
-4957
-5191
-5449
-5858
-6146
-6335
-6549
-6739
-7072
-7290
-7485
-7725
-7985
-8260
-8407
-8558
-8743
-9042
-9301
-9447
-9471
-9569
-9781
-10074
-10284
-10299
-10342
-10436
-10602
-10723
-10779
-10775
-10805
-10854
-10907
-10930
-10897
-10867
-10850
-10845
-10801
-10702
-10535
-10449
-10376
-10294
-10151
-9989
-9829
-9669
-9500
-9338
-9154
-8974
-8790
-8621
-8465
-8233
-7996
-7777
-7509
-7272
-6970
-6676
-6531
-6316
-6091
-5839
-5564
-5278
-5088
-4809
-4487
-4232
-3924
-3770
-3593
-3354
-3157
-2971
-2720
-2479
-2165
-1937
-1801
-1683
-1575
-1286
-971
-684
-457
-320
-90
119
290
440
533
769
952
1223
1410
1556
1733
1894
2136
2335
2538
2628
2733
2894
3105
3394
3600
3929
4186
4481
4697
4841
5084
5292
5648
5908
6167
6493
6761
7079
7490
7712
7883
8004
8266
8630
8989
9190
9295
9447
9615
9997
10227
10466
10530
10633
10782
11026
11142
11140
11118
11163
11439
11577
11633
11615
11445
11485
11483
11514
11482
11384
11288
11292
11243
11062
10818
10600
10448
10296
10162
9911
9750
9516
9275
8984
8648
8351
8041
7842
7560
7297
7031
6720
6356
5972
5498
5189
4847
4481
4162
3732
3362
3060
2764
2468
2101
1746
1431
1113
743
314
-86
-449
-714
-1101
-1469
-1762
-1954
-2201
-2541
-2876
-3251
-3508
-3806
-4189
-4533
-4827
-5032
-5307
-5680
-6043
-6393
-6636
-6845
-7038
-7277
-7530
-7802
-7993
-8169
-8437
-8610
-8916
-9090
-9278
-9441
-9658
-9838
-9955
-9980
-10006
-10211
-10361
-10450
-10503
-10522
-10750
-10918
-10975
-10956
-10953
-11069
-11159
-11105
-10967
-10780
-10717
-10760
-10737
-10658
-10501
-10368
-10300
-10258
-10124
-9956
-9720
-9494
-9295
-9068
-8825
-8581
-8315
-8151
-8033
-7834
-7681
-7414
-7196
-6928
-6624
-6327
-6063
-5757
-5483
-5239
-5048
-4846
-4653
-4385
-4161
-3940
-3677
-3443
-3190
-3031
-2730
-2489
-2210
-1908
-1764
-1562
-1405
-1227
-1059
-888
-760
-595
-400
-208
-41
170
448
571
707
814
984
1206
1403
1583
1782
1937
2091
2187
2266
2455
2746
3138
3412
3575
3734
3929
4206
4455
4599
4788
4983
5254
5556
5842
6009
6200
6483
6744
7115
7317
7460
7661
7879
8136
8422
8688
8850
8995
9165
9300
9532
9672
9835
10046
10188
10303
10282
10253
10340
10427
10517
10527
10460
10457
10468
10495
10467
10308
10159
10088
10018
10021
9836
9609
9415
9258
9120
8931
8654
8336
8061
7817
7641
7428
7105
6774
6434
6143
5821
5546
5304
4998
4622
4211
3788
3385
3041
2762
2520
2155
1848
1553
1260
1000
613
235
-193
-542
-914
-1238
-1614
-1911
-2208
-2444
-2834
-3206
-3504
-3747
-3901
-4251
-4641
-4973
-5207
-5399
-5655
-6018
-6377
-6638
-6849
-7046
-7344
-7671
-7932
-8106
-8204
-8362
-8553
-8767
-8960
-9270
-9636
-9870
-10111
-10168
-10305
-10552
-10755
-10908
-10904
-10947
-11095
-11340
-11555
-11658
-11678
-11622
-11718
-11745
-11704
-11661
-11425
-11356
-11311
-11297
-11242
-11201
-11175
-11116
-10956
-10733
-10554
-10434
-10311
-10137
-9915
-9666
-9450
-9222
-8979
-8804
-8592
-8435
-8270
-8032
-7662
-7343
-7034
-6714
-6500
-6253
-6070
-5914
-5663
-5402
-5138
-4846
-4543
-4411
-4212
-4008
-3747
-3452
-3245
-3182
-3034
-2755
-2480
-2238
-2089
-1918
-1664
-1361
-1155
-946
-811
-601
-302
-134
21
161
346
611
846
1048
1225
1377
1604
1798
2024
2189
2359
2559
2795
3006
3326
3544
3777
4049
4261
4537
4748
4984
5158
5363
5624
5897
6096
6327
6540
6860
7115
7337
7576
7866
8145
8305
8426
8537
8811
9113
9440
9666
9828
10040
10206
10400
10450
10517
10625
10780
10848
10849
10864
10852
10840
10815
10802
10768
10761
10702
10644
10521
10377
10247
10077
9927
9718
9539
9331
9107
8920
8618
8422
8141
7907
7692
7286
6934
6535
6171
5869
5587
5340
5074
4805
4389
3990
3607
3265
3049
2717
2338
1929
1507
1224
903
585
231
-263
-632
-936
-1112
-1349
-1798
-2190
-2578
-2883
-3193
-3536
-3797
-4145
-4466
-4861
-5184
-5418
-5661
-5947
-6215
-6626
-6919
-7216
-7490
-7638
-7934
-8103
-8334
-8660
-8879
-9174
-9301
-9402
-9633
-9843
-10069
-10229
-10286
-10460
-10708
-10973
-11161
-11252
-11274
-11320
-11525
-11607
-11699
-11665
-11616
-11690
-11710
-11712
-11602
-11495
-11449
-11459
-11358
-11224
-11141
-11004
-11007
-10936
-10807
-10667
-10381
-10225
-10101
-9945
-9803
-9566
-9280
-9074
-8853
-8704
-8470
-8150
-7803
-7587
-7400
-7174
-6796
-6429
-6145
-5905
-5778
-5475
-5176
-4922
-4648
-4594
-4388
-4165
-3861
-3534
-3481
-3339
-3188
-2842
-2463
-2251
-2072
-1949
-1757
-1504
-1233
-980
-741
-552
-325
-146
27
199
368
584
729
936
1050
1202
1333
1449
1625
1839
2130
2355
2561
2621
2732
2935
3196
3435
3686
3927
4224
4504
4679
4860
4954
5164
5415
5705
5990
6248
6561
6793
6995
7256
7454
7736
7958
8173
8385
8520
8757
8893
9068
9183
9358
9570
9718
9871
9918
10077
10165
10211
10326
10381
10464
10394
10375
10407
10427
10460
10328
10214
9979
9868
9823
9681
9574
9345
9132
8976
8785
8561
8351
8110
7925
7706
7466
7140
6848
6562
6275
5913
5508
5198
4918
4675
4296
3840
3457
3185
2955
2596
2150
1781
1444
1160
888
497
99
-350
-736
-1067
-1391
-1803
-2215
-2531
-2766
-3007
-3317
-3740
-4067
-4316
-4605
-4841
-5111
-5334
-5632
-5996
-6260
-6563
-6802
-7041
-7409
-7695
-7920
-8121
-8272
-8536
-8743
-9107
-9384
-9672
-9858
-10133
-10406
-10586
-10722
-10766
-11008
-11161
-11359
-11449
-11508
-11634
-11687
-11781
-11798
-11808
-11834
-11900
-12034
-12108
-12111
-12087
-11972
-11856
-11779
-11647
-11548
-11463
-11354
-11317
-11174
-11052
-10868
-10653
-10487
-10259
-10048
-9786
-9560
-9431
-9276
-8991
-8715
-8376
-8178
-8034
-7837
-7650
-7429
-7211
-6909
-6604
-6297
-6000
-5793
-5527
-5200
-4931
-4709
-4593
-4425
-4132
-3867
-3572
-3333
-3078
-2873
-2708
-2548
-2315
-2058
-1846
-1669
-1520
-1256
-981
-673
-500
-370
-260
-21
275
541
704
816
1014
1138
1304
1414
1526
1721
1971
2213
2317
2406
2631
2958
3265
3477
3626
3769
4024
4385
4693
4988
5161
5409
5667
5918
6075
6244
6537
6808
7141
7363
7626
7866
8150
8394
8540
8673
8869
9123
9357
9532
9628
9801
10009
10204
10412
10526
10662
10845
10894
10888
10736
10573
10561
10643
10713
10620
10446
10454
10504
10528
10515
10268
10139
9973
9786
9602
9340
9163
8930
8704
8439
8112
7839
7508
7269
7036
6706
6323
5913
5545
5317
5072
4746
4382
3988
3653
3219
2823
2470
2145
1903
1685
1364
1018
610
213
-73
-296
-590
-1036
-1476
-1841
-2110
-2373
-2721
-3073
-3398
-3628
-3836
-4106
-4374
-4669
-4955
-5219
-5518
-5767
-5954
-6237
-6517
-6863
-7148
-7326
-7516
-7712
-7902
-8162
-8418
-8685
-8934
-9079
-9270
-9296
-9492
-9634
-9791
-10039
-10117
-10291
-10388
-10395
-10471
-10429
-10465
-10596
-10709
-10794
-10735
-10656
-10600
-10643
-10583
-10494
-10364
-10294
-10317
-10329
-10300
-10052
-9851
-9672
-9539
-9391
-9197
-9042
-8872
-8767
-8578
-8228
-7938
-7679
-7559
-7393
-7097
-6819
-6492
-6309
-6073
-5860
-5644
-5305
-5009
-4753
-4507
-4298
-4087
-3765
-3535
-3351
-3220
-3086
-2879
-2563
-2273
-2045
-1832
-1658
-1431
-1253
-1042
-824
-640
-376
-172
32
139
319
460
675
894
952
1127
1272
1497
1644
1851
2028
2265
2513
2700
2889
3082
3316
3560
3731
3865
4036
4256
4498
4729
4997
5205
5429
5691
5857
6098
6313
6544
6863
7064
7349
7529
7835
8034
8250
8459
8629
8951
9097
9267
9404
9518
9727
9904
10109
10316
10475
10517
10610
10651
10741
10852
10920
11057
11077
11149
11113
11075
11047
11035
11092
10981
10900
10773
10656
10527
10334
10050
9826
9667
9460
9286
8945
8677
8370
8232
8043
7722
7472
7146
6890
6652
6203
5770
5403
5081
4781
4439
4130
3878
3531
3103
2617
2247
1974
1634
1317
859
371
22
-385
-621
-880
-1284
-1654
-2014
-2255
-2507
-2895
-3153
-3479
-3723
-4044
-4356
-4686
-4950
-5192
-5511
-5874
-6233
-6556
-6766
-6989
-7290
-7510
-7731
-7973
-8253
-8500
-8755
-8938
-9183
-9380
-9529
-9657
-9790
-10003
-10279
-10486
-10719
-10838
-10903
-11097
-11252
-11423
-11512
-11503
-11577
-11548
-11626
-11652
-11716
-11762
-11696
-11673
-11542
-11508
-11462
-11419
-11307
-11082
-10988
-10808
-10768
-10692
-10469
-10345
-10137
-10039
-9882
-9647
-9422
-9197
-9001
-8803
-8648
-8391
-8163
-7861
-7523
-7229
-6942
-6772
-6575
-6312
-6038
-5782
-5564
-5476
-5229
-4935
-4655
-4372
-4126
-3896
-3617
-3367
-3143
-2880
-2699
-2510
-2310
-2030
-1712
-1492
-1213
-1042
-868
-727
-634
-486
-319
-112
43
254
355
523
630
698
821
978
1312
1718
2006
2232
2339
2465
2739
2980
3186
3285
3384
3623
3879
4203
4420
4650
4942
5162
5592
5822
6072
6224
6445
6757
7071
7296
7411
7532
7692
7956
8290
8570
8838
9112
9343
9611
9753
9834
9985
10138
10287
10352
10316
10237
10257
10358
10478
10552
10520
10415
10364
10320
10323
10244
10141
9972
9825
9692
9547
9412
9229
9079
8858
8564
8254
7996
7795
7585
7342
7013
6730
6377
6047
5642
5192
4834
4579
4310
3925
3490
3058
2698
2426
2097
1763
1425
1109
836
547
252
-147
-580
-926
-1233
-1505
-1910
-2293
-2587
-2825
-3044
-3387
-3669
-4061
-4334
-4607
-4823
-5035
-5363
-5686
-5989
-6252
-6466
-6741
-7007
-7173
-7327
-7547
-7746
-7998
-8202
-8451
-8684
-8885
-9053
-9185
-9356
-9584
-9828
-10001
-10121
-10222
-10330
-10569
-10674
-10723
-10714
-10727
-10926
-11016
-11012
-10980
-10921
-10977
-10992
-10969
-10992
-10899
-10838
-10757
-10604
-10566
-10541
-10501
-10430
-10236
-10043
-9826
-9601
-9457
-9323
-9249
-9125
-8949
-8696
-8407
-8169
-7972
-7822
-7636
-7407
-7167
-6955
-6746
-6489
-6271
-6044
-5888
-5648
-5332
-4871
-4485
-4231
-4005
-3777
-3522
-3309
-3188
-2958
-2678
-2337
-2164
-2052
-1958
-1830
-1553
-1278
-1104
-929
-752
-562
-344
-159
45
197
274
373
490
662
870
1035
1199
1471
1774
2040
2193
2284
2499
2710
3014
3297
3510
3801
3959
4237
4419
4586
4782
4968
5262
5501
5772
5913
6150
6435
6773
7061
7230
7436
7641
7911
8151
8406
8749
8981
9198
9367
9448
9652
9825
9940
10098
10192
10450
10644
10691
10691
10623
10683
10810
10900
10872
10887
10822
10802
10818
10701
10720
10570
10535
10436
10287
10138
9860
9729
9497
9267
8986
8726
8514
8322
8070
7741
7446
7077
6717
6386
6109
5854
5572
5196
4752
4414
3989
3694
3379
3051
2692
2274
1941
1630
1346
1088
771
380
-87
-499
-778
-1006
-1263
-1616
-1900
-2190
-2489
-2790
-3044
-3191
-3387
-3683
-4089
-4446
-4745
-4963
-5162
-5404
-5724
-5981
-6205
-6399
-6612
-6908
-7196
-7463
-7651
-7770
-7861
-8095
-8330
-8571
-8694
-8819
-9042
-9204
-9336
-9337
-9476
-9629
-9817
-9989
-10009
-9978
-9997
-10161
-10326
-10447
-10397
-10281
-10249
-10187
-10184
-10122
-10024
-10009
-9960
-9817
-9659
-9525
-9433
-9424
-9376
-9159
-8922
-8664
-8487
-8357
-8091
-7784
-7500
-7269
-7118
-6888
-6661
-6463
-6306
-6093
-5825
-5584
-5328
-5103
-4848
-4624
-4381
-4078
-3800
-3564
-3380
-3167
-2908
-2574
-2342
-2175
-2072
-1936
-1687
-1491
-1310
-1215
-1021
-796
-476
-268
-79
98
311
602
847
1075
1179
1330
1509
1755
2124
2413
2592
2657
2715
2928
3215
3576
3813
3983
4137
4306
4533
4747
4971
5171
5434
5768
6060
6332
6459
6578
6774
7000
7351
7673
7958
8180
8363
8584
8836
9141
9340
9540
9686
9844
10109
10330
10636
10793
10851
11055
11162
11378
11491
11517
11661
11751
11876
11895
11895
11869
11802
11829
11730
11648
11545
11448
11476
11376
11228
11031
10806
10738
10616
10395
10209
9931
9731
9506
9279
9027
8684
8366
8068
7760
7493
7159
6774
6427
6077
5769
5409
5036
4670
4329
3967
3574
3296
3004
2681
2379
2021
1694
1428
1114
672
207
-196
-512
-780
-1154
-1533
-1857
-2106
-2476
-2828
-3155
-3433
-3620
-3912
-4208
-4515
-4788
-4977
-5262
-5575
-5852
-6207
-6494
-6751
-6986
-7166
-7338
-7581
-7764
-8001
-8162
-8411
-8707
-8923
-9154
-9279
-9368
-9460
-9542
-9655
-9845
-10052
-10165
-10217
-10210
-10324
-10559
-10666
-10672
-10585
-10580
-10595
-10652
-10620
-10477
-10524
-10490
-10523
-10393
-10150
-10032
-9907
-9759
-9610
-9468
-9306
-9150
-8940
-8757
-8537
-8365
-8175
-8016
-7833
-7569
-7299
-7035
-6779
-6529
-6341
-6144
-5835
-5601
-5343
-5172
-5014
-4747
-4466
-4168
-3955
-3802
-3622
-3356
-3050
-2701
-2467
-2250
-2064
-1872
-1668
-1510
-1313
-1100
-914
-670
-421
-226
-123
-33
140
357
596
759
905
1050
1180
1294
1409
1518
1712
1972
2244
2474
2690
2887
3154
3404
3657
3789
3929
4117
4349
4593
4821
5019
5169
5400
5589
5889
6143
6468
6719
6907
7121
7395
7644
7935
8191
8453
8703
8879
9097
9311
9475
9641
9754
9913
10084
10282
10424
10544
10639
10713
10903
11016
11096
11084
11112
11174
11235
11281
11162
11013
10908
10823
10683
10490
10328
10172
10078
9964
9704
9596
9387
9208
8957
8656
8423
8274
7987
7658
7246
6927
6722
6428
6040
5650
5277
4935
4644
4310
4035
3729
3351
3008
2624
2291
1965
1594
1270
996
719
332
-125
-566
-877
-1152
-1374
-1689
-1986
-2239
-2460
-2658
-2920
-3210
-3491
-3759
-4006
-4239
-4557
-4892
-5242
-5523
-5689
-5831
-6020
-6319
-6632
-6860
-7035
-7250
-7512
-7766
-7970
-8139
-8355
-8627
-8867
-9045
-9056
-9092
-9142
-9292
-9494
-9615
-9788
-9879
-9926
-10027
-10158
-10329
-10415
-10360
-10331
-10298
-10310
-10240
-10122
-10007
-9933
-9911
-9882
-9708
-9506
-9391
-9341
-9336
-9228
-9007
-8717
-8480
-8324
-8155
-7961
-7716
-7507
-7328
-7077
-6921
-6674
-6442
-6273
-6011
-5847
-5651
-5395
-5120
-4828
-4620
-4397
-4173
-3849
-3550
-3280
-3070
-2932
-2675
-2441
-2224
-2051
-1890
-1605
-1298
-1054
-872
-762
-655
-433
-223
12
249
436
641
840
950
1138
1288
1494
1690
1864
1994
2200
2327
2540
2824
3146
3432
3584
3716
3879
4149
4446
4694
4810
4906
5064
5322
5638
5859
6198
6433
6766
7082
7312
7584
7808
8085
8296
8508
8634
8837
9110
9397
9659
9820
9954
10158
10471
10737
10902
11034
11080
11192
11290
11389
11518
11535
11611
11729
11737
11708
11632
11623
11710
11754
11643
11455
11322
11252
11245
11189
10997
10838
10598
10356
10216
10022
9830
9505
9259
8980
8763
8543
8337
8108
7720
7310
6934
6567
6241
5813
5413
5065
4681
4424
4085
3804
3471
3065
2743
2413
2214
1862
1510
990
603
338
72
-239
-678
-965
-1224
-1457
-1796
-2250
-2622
-2958
-3291
-3635
-4012
-4336
-4537
-4780
-5087
-5428
-5766
-6000
-6200
-6430
-6670
-6914
-7158
-7366
-7598
-7817
-8004
-8174
-8352
-8509
-8702
-8905
-9071
-9241
-9350
-9439
-9560
-9675
-9841
-9950
-10116
-10221
-10284
-10391
-10407
-10443
-10424
-10445
-10452
-10434
-10378
-10248
-10181
-10132
-10063
-9918
-9808
-9755
-9719
-9572
-9346
-9065
-8837
-8706
-8571
-8417
-8217
-7876
-7655
-7352
-7119
-6905
-6678
-6499
-6345
-6150
-5900
-5700
-5404
-5168
-4960
-4736
-4528
-4250
-3842
-3615
-3391
-3146
-2963
-2672
-2463
-2234
-2011
-1799
-1528
-1332
-1055
-911
-788
-629
-409
-137
141
259
417
639
824
1121
1291
1395
1560
1775
2118
2369
2464
2579
2704
2916
3123
3267
3406
3670
3975
4250
4468
4589
4847
5098
5369
5694
5936
6223
6430
6724
6995
7325
7586
7808
8074
8263
8567
8784
8989
9156
9427
9743
9948
10168
10325
10534
10805
10993
11137
11266
11351
11506
11593
11670
11759
11841
11958
11956
11920
11897
11956
12072
12123
12074
11903
11812
11750
11716
11667
11486
11238
10971
10747
10638
10498
10202
10011
9742
9529
9303
8965
8722
8486
8203
7890
7577
7266
6943
6658
6297
5900
5571
5180
4878
4486
4084
3703
3392
3104
2791
2401
1964
1499
1093
684
386
53
-336
-670
-1118
-1328
-1607
-1913
-2267
-2623
-2865
-3145
-3426
-3799
-4153
-4430
-4670
-4885
-5137
-5470
-5724
-6033
-6339
-6583
-6795
-6930
-7182
-7464
-7754
-8012
-8194
-8413
-8548
-8743
-9081
-9394
-9660
-9764
-9808
-9939
-10117
-10328
-10496
-10542
-10634
-10740
-10835
-10820
-10761
-10703
-10755
-10808
-10767
-10757
-10629
-10581
-10493
-10390
-10288
-10188
-10051
-9996
-9962
-9831
-9653
-9453
-9246
-9022
-8760
-8492
-8269
-8097
-7981
-7789
-7520
-7239
-6851
-6584
-6311
-6103
-5950
-5699
-5458
-5163
-4854
-4599
-4383
-4179
-3944
-3667
-3386
-3220
-3047
-2766
-2471
-2149
-1924
-1815
-1600
-1379
-1121
-987
-888
-651
-371
-124
40
109
325
621
861
1072
1174
1310
1446
1597
1794
2063
2281
2503
2675
2822
3071
3269
3403
3640
3777
4042
4325
4548
4787
4985
5276
5534
5812
6007
6214
6459
6818
7137
7309
7522
7735
8111
8459
8677
8816
8971
9145
9456
9701
9896
10056
10198
10382
10599
10767
10875
10976
11129
11282
11489
11623
11654
11701
11683
11670
11676
11657
11598
11593
11509
11528
11419
11254
11078
10924
10897
10772
10594
10399
10180
10046
9886
9660
9377
9111
8836
8630
8316
7986
7749
7463
7143
6820
6462
6180
5936
5519
5197
4717
4271
3901
3484
3224
2969
2638
2295
1917
1550
1266
885
536
133
-291
-699
-1025
-1202
-1335
-1537
-1942
-2344
-2605
-2875
-3152
-3483
-3794
-4072
-4274
-4441
-4671
-4960
-5300
-5584
-5864
-6097
-6358
-6671
-6891
-7134
-7315
-7503
-7725
-8021
-8321
-8451
-8518
-8648
-8845
-9145
-9313
-9470
-9595
-9771
-10005
-10116
-10184
-10134
-10057
-10160
-10266
-10432
-10509
-10528
-10542
-10541
-10588
-10519
-10335
-10222
-10140
-10150
-10077
-9914
-9700
-9518
-9426
-9286
-9107
-8898
-8695
-8494
-8346
-8104
-7931
-7706
-7480
-7229
-6926
-6711
-6531
-6314
-6053
-5751
-5448
-5175
-4965
-4761
-4496
-4243
-3922
-3680
-3482
-3227
-2936
-2729
-2534
-2340
-2145
-1838
-1624
-1495
-1403
-1334
-1090
-823
-607
-444
-308
-170
-6
216
346
592
667
821
1016
1162
1384
1454
1580
1743
1853
2059
2252
2513
2748
2938
3124
3303
3485
3706
3913
4040
4340
4558
4797
4971
5102
5283
5570
5863
6198
6391
6599
6855
7129
7493
7730
7960
8138
8292
8461
8629
8841
9008
9227
9420
9671
9948
10140
10279
10360
10429
10489
10589
10646
10719
10742
10698
10642
10548
10556
10548
10617
10561
10486
10387
10226
10216
10185
9973
9741
9428
9279
9108
8884
8641
8316
8178
7908
7716
7376
6986
6645
6347
6078
5781
5342
4924
4538
4238
4011
3700
3328
2925
2566
2210
1865
1517
1238
938
607
191
-214
-510
-817
-1149
-1516
-1877
-2168
-2400
-2657
-3066
-3374
-3563
-3801
-4082
-4541
-4860
-5067
-5292
-5508
-5910
-6197
-6491
-6621
-6803
-7060
-7360
-7652
-7881
-8125
-8391
-8645
-8885
-9015
-9074
-9239
-9411
-9696
-9818
-9992
-10099
-10240
-10404
-10469
-10568
-10653
-10752
-10839
-10867
-10893
-10886
-10927
-10956
-10952
-10910
-10865
-10923
-10940
-11005
-10945
-10863
-10669
-10492
-10395
-10275
-10087
-9865
-9676
-9492
-9335
-9164
-8958
-8684
-8423
-8246
-8131
-7966
-7659
-7451
-7272
-7110
-6844
-6532
-6168
-5909
-5689
-5405
-5125
-4863
-4587
-4351
-4152
-3951
-3818
-3558
-3300
-3037
-2741
-2540
-2364
-2174
-1995
-1746
-1435
-1260
-989
-786
-549
-248
-95
43
160
301
552
729
935
1126
1217
1430
1616
1846
2079
2262
2447
2644
2837
3073
3267
3409
3552
3714
3954
4184
4509
4830
5074
5289
5421
5639
5957
6243
6505
6672
6848
7137
7496
7836
8020
8193
8352
8597
8842
9032
9209
9399
9610
9778
9961
10038
10181
10333
10581
10826
10936
10972
10979
10997
11052
11163
11254
11359
11404
11358
11272
11287
11264
11245
11160
10913
10766
10598
10441
10362
10078
9756
9415
9126
9010
8737
8529
8304
8104
7944
7642
7327
6954
6635
6395
6016
5622
5168
4699
4358
3972
3557
3251
2945
2758
2422
1937
1526
1231
1030
663
139
-292
-628
-907
-1267
-1734
-2106
-2343
-2502
-2745
-3107
-3367
-3653
-3891
-4277
-4704
-5009
-5306
-5538
-5801
-6130
-6428
-6677
-6937
-7177
-7386
-7589
-7764
-7922
-8123
-8276
-8451
-8646
-8873
-9076
-9341
-9589
-9850
-10065
-10222
-10406
-10460
-10512
-10573
-10720
-10753
-10812
-10823
-10892
-11045
-11119
-11128
-11022
-11052
-11037
-11057
-10999
-10807
-10655
-10554
-10474
-10384
-10275
-10146
-10134
-9997
-9781
-9471
-9301
-9219
-9131
-8854
-8472
-8180
-8014
-7938
-7799
-7500
-7204
-6957
-6781
-6596
-6308
-5955
-5622
-5368
-5174
-4903
-4605
-4324
-4153
-3957
-3724
-3412
-3066
-2876
-2663
-2548
-2317
-1977
-1735
-1533
-1427
-1289
-1078
-858
-564
-371
-165
51
320
636
852
1017
1066
1248
1413
1544
1667
1736
1959
2167
2469
2711
2973
3237
3445
3693
3854
4108
4324
4554
4772
4939
5212
5450
5760
5997
6252
6598
6945
7166
7416
7555
7827
8031
8179
8290
8491
8745
8977
9250
9434
9732
9943
10156
10307
10396
10629
10808
10980
11065
11122
11202
11283
11328
11343
11340
11273
11269
11306
11299
11241
11098
10908
10780
10694
10653
10632
10414
10169
9868
9686
9610
9487
9319
8986
8648
8272
7983
7739
7439
7106
6752
6408
6185
5868
5517
5185
4782
4444
4036
3629
3258
2918
2663
2371
2011
1686
1221
912
568
145
-242
-677
-997
-1204
-1605
-2027
-2369
-2697
-2765
-2994
-3289
-3582
-3969
-4242
-4583
-4855
-5193
-5531
-5837
-6118
-6391
-6663
-6981
-7232
-7446
-7648
-7835
-8125
-8427
-8707
-8897
-9105
-9238
-9450
-9660
-9875
-10139
-10313
-10466
-10537
-10732
-10885
-11082
-11158
-11178
-11298
-11280
-11378
-11432
-11532
-11637
-11516
-11424
-11367
-11400
-11477
-11392
-11211
-11023
-10922
-10945
-10883
-10714
-10512
-10297
-10205
-10128
-9986
-9718
-9406
-9136
-8927
-8690
-8505
-8229
-7974
-7722
-7518
-7396
-7105
-6792
-6428
-6144
-5966
-5839
-5659
-5401
-5065
-4696
-4400
-4158
-4024
-3880
-3667
-3388
-3060
-2751
-2433
-2250
-2106
-1907
-1757
-1525
-1404
-1311
-1088
-920
-594
-436
-271
-80
38
275
421
571
751
923
1111
1351
1511
1705
1864
2042
2274
2500
2707
2876
3057
3204
3394
3623
3821
4125
4358
4678
4906
5143
5408
5652
5878
6022
6206
6504
6804
7091
7316
7550
7776
8022
8203
8419
8547
8648
8844
9078
9338
9495
9677
9810
10082
10257
10337
10437
10464
10573
10649
10759
10803
10687
10602
10524
10544
10555
10541
10435
10245
10083
9929
9849
9732
9471
9298
9038
8844
8679
8405
8256
8043
7825
7529
7185
6862
6566
6238
5839
5465
5143
4876
4601
4226
3831
3475
3228
2938
2639
2276
1895
1548
1142
762
438
63
-280
-777
-1125
-1386
-1645
-1955
-2338
-2683
-2924
-3205
-3521
-3765
-4017
-4175
-4393
-4642
-4952
-5266
-5523
-5774
-5941
-6213
-6466
-6833
-7204
-7369
-7533
-7701
-7905
-8167
-8399
-8697
-8897
-9089
-9166
-9329
-9502
-9674
-9832
-9885
-10033
-10160
-10334
-10477
-10564
-10666
-10702
-10779
-10872
-10910
-10950
-10860
-10740
-10643
-10672
-10693
-10720
-10640
-10524
-10453
-10347
-10176
-9873
-9719
-9634
-9629
-9471
-9282
-9061
-8992
-8920
-8835
-8613
-8326
-8013
-7720
-7425
-7122
-6907
-6706
-6565
-6292
-6035
-5754
-5580
-5462
-5191
-4835
-4476
-4137
-4008
-3778
-3588
-3360
-3062
-2812
-2507
-2267
-2043
-1835
-1710
-1523
-1313
-1154
-925
-729
-494
-236
-29
187
338
544
744
949
1152
1351
1417
1633
1866
2099
2306
2346
2463
2617
2882
3150
3442
3692
3818
4081
4242
4522
4758
4927
5173
5485
5851
6096
6318
6418
6689
6871
7065
7248
7463
7744
7989
8195
8328
8434
8717
8941
9254
9517
9697
9998
10139
10322
10472
10476
10540
10592
10647
10825
10934
11067
11125
11121
11188
11249
11287
11193
11075
10945
10941
10935
10819
10634
10370
10186
10091
9902
9635
9413
9258
9222
9050
8771
8404
8066
7766
7522
7269
6950
6590
6254
5905
5540
5188
4776
4421
4155
3849
3586
3178
2656
2265
1923
1741
1448
1124
678
213
-225
-512
-739
-899
-1148
-1495
-1877
-2200
-2493
-2859
-3118
-3354
-3522
-3784
-4247
-4637
-4977
-5120
-5357
-5612
-5987
-6344
-6601
-6839
-7044
-7310
-7533
-7720
-7904
-8160
-8440
-8732
-9019
-9216
-9477
-9642
-9796
-9959
-10078
-10279
-10351
-10546
-10676
-10826
-11046
-11164
-11246
-11298
-11300
-11362
-11463
-11464
-11478
-11340
-11127
-11111
-11142
-11247
-11170
-10972
-10744
-10581
-10444
-10347
-10264
-10148
-9962
-9704
-9448
-9221
-9053
-8879
-8726
-8536
-8288
-8074
-7727
-7442
-7275
-7073
-7028
-6858
-6524
-6173
-5758
-5566
-5493
-5320
-5027
-4685
-4424
-4229
-4054
-3778
-3449
-3182
-2937
-2679
-2498
-2253
-2096
-1875
-1641
-1518
-1213
-1060
-830
-632
-392
-24
261
389
384
523
851
1224
1497
1560
1615
1862
2125
2414
2632
2764
2918
3225
3575
3859
4047
4177
4336
4486
4687
4936
5183
5497
5740
5964
6106
6285
6540
6851
7173
7412
7690
7884
8099
8301
8575
8828
8955
9224
9450
9723
9873
9940
10122
10364
10602
10791
10869
10976
11035
11186
11290
11213
11123
11074
11169
11240
11204
11093
11001
11015
10978
10877
10734
10564
10439
10220
9921
9620
9375
9265
9179
8912
8561
8232
8061
7967
7703
7220
6776
6475
6309
6088
5747
5385
5022
4634
4309
3932
3643
3385
3047
2650
2178
1858
1620
1393
1017
583
131
-238
-499
-768
-1078
-1479
-1878
-2183
-2515
-2930
-3268
-3645
-3744
-4003
-4266
-4623
-5036
-5248
-5557
-5831
-6193
-6566
-6718
-6902
-7080
-7352
-7720
-8004
-8180
-8364
-8549
-8727
-8892
-9054
-9254
-9487
-9760
-10029
-10156
-10389
-10578
-10696
-10815
-10708
-10800
-10901
-11046
-11182
-11146
-11214
-11186
-11274
-11307
-11349
-11447
-11481
-11536
-11488
-11389
-11263
-11152
-11058
-11016
-10858
-10664
-10469
-10218
-10091
-9949
-9732
-9535
-9178
-8943
-8776
-8648
-8547
-8392
-8163
-7937
-7748
-7524
-7293
-6965
-6605
-6328
-6055
-5779
-5533
-5257
-4981
-4742
-4493
-4227
-3947
-3686
-3485
-3333
-3154
-2914
-2645
-2477
-2297
-2149
-1954
-1701
-1556
-1397
-1223
-1092
-865
-533
-313
-79
-22
64
290
523
653
756
826
1065
1372
1642
1838
1959
2146
2378
2554
2698
2830
3020
3272
3599
3861
4033
4294
4497
4789
4986
5216
5452
5655
5924
6191
6425
6644
6880
7139
7352
7569
7701
7870
8150
8340
8529
8636
8815
9070
9300
9535
9625
9773
9788
9837
9861
9862
9863
9788
9858
9891
9980
10099
9991
9965
9787
9636
9484
9319
9233
9116
8999
8833
8707
8486
8233
7966
7709
7530
7336
7104
6821
6463
6067
5761
5490
5274
4932
4533
4235
3864
3557
3176
2800
2485
2189
1892
1625
1286
941
605
286
-31
-398
-720
-1051
-1338
-1684
-2064
-2313
-2615
-2891
-3298
-3599
-3824
-3948
-4156
-4487
-4875
-5239
-5417
-5600
-5886
-6266
-6648
-6894
-7010
-7134
-7358
-7571
-7880
-8144
-8354
-8615
-8826
-9060
-9282
-9345
-9554
-9703
-9910
-10182
-10303
-10467
-10546
-10628
-10823
-10939
-10998
-10990
-10998
-11090
-11249
-11273
-11201
-11076
-11012
-11049
-11025
-10945
-10769
-10613
-10581
-10596
-10611
-10412
-10140
-9999
-9902
-9936
-9745
-9538
-9329
-9069
-8841
-8503
-8186
-7920
-7808
-7654
-7396
-7137
-6850
-6658
-6410
-6227
-5977
-5696
-5416
-5143
-4884
-4599
-4359
-4172
-3983
-3824
-3591
-3317
-3033
-2743
-2547
-2360
-2171
-1882
-1693
-1530
-1463
-1384
-1183
-973
-666
-453
-222
-22
181
343
529
692
847
1051
1148
1312
1494
1803
2007
2195
2361
2550
2881
3093
3306
3536
3687
3937
4172
4447
4674
4856
5156
5474
5794
6012
6199
6482
6753
7018
7223
7525
7880
8222
8499
8638
8689
8830
9059
9361
9628
9794
9961
10130
10266
10364
10423
10512
10613
10786
10948
10973
11099
11180
11305
11393
11354
11351
11327
11395
11333
11219
11061
10942
10903
10751
10648
10450
10267
10050
9871
9645
9533
9193
8937
8728
8410
8236
7914
7588
7320
6985
6793
6469
6057
5726
5398
5113
4810
4451
4060
3687
3318
2922
2558
2168
1873
1533
1089
667
277
80
-113
-448
-888
-1239
-1504
-1788
-2099
-2540
-2863
-3180
-3437
-3682
-3947
-4179
-4411
-4633
-4969
-5272
-5585
-5740
-5913
-6110
-6351
-6612
-6840
-7065
-7350
-7648
-7863
-8110
-8314
-8554
-8680
-8873
-9009
-9197
-9355
-9465
-9607
-9726
-9885
-10024
-10118
-10240
-10280
-10185
-10208
-10238
-10281
-10369
-10307
-10291
-10328
-10344
-10295
-10257
-10087
-10000
-9903
-9760
-9720
-9578
-9410
-9176
-8967
-8814
-8618
-8373
-8158
-7872
-7665
-7399
-7168
-6947
-6710
-6537
-6283
-6008
-5735
-5528
-5399
-5265
-5044
-4710
-4373
-4116
-3954
-3715
-3385
-3076
-2812
-2766
-2532
-2301
-2011
-1618
-1448
-1169
-973
-866
-642
-507
-278
-65
155
378
572
755
974
1210
1463
1669
1828
1946
2051
2279
2515
2705
2831
2875
3047
3333
3643
3922
4095
4262
4462
4649
4775
4943
5128
5408
5615
5908
6132
6373
6728
6994
7295
7549
7736
7974
8125
8289
8542
8890
9243
9493
9652
9723
9884
10103
10393
10561
10587
10716
10933
11263
11382
11358
11283
11396
11651
11860
11896
11769
11654
11601
11666
11660
11638
11551
11505
11479
11405
11320
11100
10920
10695
10476
10359
10160
9993
9773
9507
9303
9002
8694
8305
8081
7889
7664
7272
6842
6470
6220
6050
5788
5427
4983
4551
4196
3876
3598
3189
2805
2527
2249
2002
1528
1100
710
453
236
-75
-365
-823
-1137
-1453
-1796
-2044
-2416
-2732
-3041
-3332
-3594
-3825
-4080
-4389
-4704
-5004
-5280
-5525
-5751
-6073
-6322
-6535
-6753
-6932
-7186
-7463
-7757
-8032
-8248
-8419
-8613
-8806
-9044
-9260
-9408
-9630
-9804
-10026
-10111
-10163
-10187
-10151
-10176
-10275
-10346
-10450
-10473
-10434
-10502
-10528
-10616
-10574
-10462
-10392
-10268
-10205
-10079
-9884
-9848
-9759
-9719
-9512
-9286
-9112
-8865
-8728
-8532
-8381
-8235
-8032
-7770
-7484
-7189
-6917
-6644
-6409
-6192
-5945
-5695
-5427
-5192
-5039
-4869
-4703
-4474
-4181
-3817
-3602
-3439
-3295
-3066
-2768
-2570
-2454
-2324
-2089
-1879
-1644
-1474
-1307
-1055
-909
-752
-613
-385
-106
145
229
302
476
687
985
1156
1242
1468
1545
1729
1774
1915
2114
2468
2799
3014
3173
3361
3656
3989
4191
4364
4539
4651
4928
5158
5432
5729
5927
6165
6398
6605
6848
7128
7400
7764
8014
8292
8455
8600
8714
8882
9147
9393
9634
9805
9965
10062
10188
10278
10455
10618
10649
10699
10744
10828
10909
10992
11025
11011
10957
10910
10917
10850
10843
10728
10583
10432
10246
10037
9813
9721
9573
9396
9102
8828
8594
8402
8144
7876
7522
7227
6966
6682
6392
6005
5757
5409
5119
4794
4399
4022
3579
3184
2882
2552
2167
1846
1561
1263
908
510
115
-225
-573
-889
-1165
-1357
-1640
-1959
-2398
-2751
-2913
-3135
-3433
-3782
-4066
-4264
-4490
-4734
-5143
-5445
-5686
-5914
-6110
-6446
-6693
-6929
-7113
-7289
-7470
-7683
-7967
-8192
-8405
-8490
-8572
-8689
-8905
-9112
-9257
-9355
-9440
-9674
-9875
-9989
-9998
-10030
-10092
-10239
-10317
-10222
-10086
-9979
-10003
-10063
-10045
-9929
-9802
-9664
-9719
-9696
-9614
-9409
-9140
-8986
-8869
-8808
-8678
-8412
-8119
-7847
-7711
-7566
-7304
-7000
-6678
-6500
-6371
-6122
-5819
-5541
-5398
-5273
-5023
-4627
-4244
-3990
-3735
-3467
-3222
-2941
-2723
-2427
-2182
-1883
-1587
-1344
-1103
-906
-713
-521
-344
-202
-40
215
394
638
786
922
1123
1285
1547
1748
1911
2076
2167
2290
2453
2628
2823
2930
3059
3305
3588
3816
4007
4149
4338
4609
4831
5100
5254
5410
5574
5782
6003
6269
6531
6860
7129
7277
7374
7516
7775
8091
8418
8668
8925
9102
9273
9451
9681
9921
10227
10428
10628
10716
10825
10986
11105
11286
11434
11608
11627
11658
11639
11687
11796
11900
11937
11919
11825
11766
11747
11631
11524
11357
11287
11203
11173
10958
10731
10496
10209
10061
9893
9682
9499
9190
8849
8623
8282
8012
7653
7261
6996
6677
6400
6053
5638
5213
4816
4457
4159
3884
3590
3219
2825
2515
2259
2069
1712
1187
772
408
141
-107
-551
-912
-1213
-1550
-1766
-2128
-2368
-2521
-2727
-3023
-3422
-3723
-3973
-4192
-4475
-4871
-5198
-5505
-5757
-6012
-6332
-6581
-6756
-6973
-7203
-7446
-7702
-7896
-8081
-8283
-8435
-8543
-8707
-8848
-9045
-9248
-9370
-9431
-9466
-9591
-9768
-9909
-9910
-9897
-9866
-9877
-9976
-9924
-9950
-9885
-9878
-9928
-9868
-9902
-9875
-9873
-9774
-9586
-9445
-9274
-9110
-8882
-8611
-8409
-8249
-8135
-8016
-7826
-7647
-7392
-7172
-6896
-6612
-6412
-6159
-5898
-5594
-5300
-5090
-4921
-4718
-4479
-4168
-3921
-3732
-3523
-3283
-2908
-2632
-2476
-2355
-2229
-1989
-1629
-1421
-1224
-1133
-980
-789
-549
-397
-184
0
142
354
493
718
943
1074
1184
1325
1540
1795
2065
2268
2370
2474
2675
2959
3180
3375
3560
3810
4057
4268
4423
4600
4818
5000
5234
5410
5643
5924
6221
6482
6695
6845
7035
7286
7540
7799
8079
8410
8689
8940
9085
9283
9404
9567
9713
9946
10104
10269
10461
10683
10914
10974
10994
11083
11198
11388
11462
11435
11361
11368
11478
11549
11520
11407
11325
11286
11247
11131
10929
10772
10659
10539
10426
10207
9991
9805
9680
9473
9168
8856
8518
8226
7945
7582
7193
6896
6545
6171
5819
5433
5084
4816
4407
4046
3708
3427
3173
2854
2500
2153
1789
1507
1207
777
334
-122
-394
-662
-979
-1329
-1650
-1877
-2112
-2442
-2775
-2965
-3138
-3287
-3522
-3837
-4114
-4428
-4742
-5099
-5394
-5695
-5957
-6280
-6592
-6766
-6858
-6980
-7177
-7495
-7697
-7888
-8066
-8198
-8427
-8626
-8810
-8926
-9073
-9270
-9428
-9601
-9613
-9680
-9715
-9848
-9930
-9942
-9954
-9963
-10043
-10138
-10121
-10135
-10084
-10026
-10005
-9868
-9807
-9675
-9574
-9458
-9324
-9211
-9033
-8901
-8811
-8670
-8506
-8306
-8063
-7881
-7662
-7482
-7263
-7063
-6908
-6681
-6420
-6144
-5894
-5653
-5396
-5178
-4910
-4646
-4370
-4128
-3914
-3611
-3274
-2986
-2731
-2514
-2355
-2154
-1918
-1634
-1407
-1230
-1055
-878
-702
-468
-243
27
290
447
616
773
1019
1330
1553
1694
1866
2023
2139
2298
2365
2500
2697
2898
3157
3319
3516
3723
4024
4314
4459
4600
4849
5159
5455
5646
5724
6004
6306
6578
6806
6975
7279
7556
7766
7916
8144
8437
8723
9033
9264
9494
9767
9968
10120
10304
10440
10616
10791
10910
11051
11253
11348
11452
11506
11607
11700
11705
11632
11573
11549
11594
11637
11599
11565
11557
11642
11656
11476
11256
11003
10796
10633
10446
10183
10018
9834
9574
9312
8930
8635
8396
8167
7871
7505
7178
6975
6684
6379
5960
5578
5316
5029
4709
4294
3916
3523
3321
3021
2688
2328
1886
1560
1185
771
354
-8
-380
-641
-954
-1250
-1482
-1724
-2018
-2431
-2824
-3123
-3365
-3654
-3955
-4277
-4491
-4701
-4995
-5266
-5543
-5702
-5831
-6025
-6361
-6703
-6967
-7198
-7349
-7550
-7738
-7962
-8151
-8411
-8636
-8826
-9037
-9190
-9435
-9650
-9832
-9922
-10044
-10175
-10310
-10402
-10328
-10271
-10271
-10438
-10512
-10569
-10476
-10435
-10403
-10379
-10336
-10305
-10244
-10099
-10051
-9935
-9850
-9714
-9523
-9317
-9033
-8909
-8826
-8695
-8449
-8118
-7787
-7637
-7488
-7339
-7091
-6785
-6589
-6351
-6097
-5856
-5481
-5336
-5077
-4807
-4570
-4226
-4038
-3785
-3683
-3398
-3167
-2837
-2491
-2259
-1939
-1786
-1552
-1344
-1180
-1027
-947
-770
-580
-219
53
290
359
405
615
870
1194
1437
1570
1744
1905
2099
2297
2468
2692
2835
3050
3255
3450
3675
3892
4198
4403
4561
4809
4994
5306
5533
5723
5896
6094
6335
6558
6773
7043
7378
7744
8068
8352
8487
8591
8747
8961
9322
9664
9968
10185
10393
10580
10689
10793
10860
11060
11226
11448
11527
11563
11645
11739
11897
11962
11964
11967
11977
11962
11912
11820
11686
11667
11610
11506
11374
11094
10934
10693
10497
10421
10192
10021
9715
9499
9268
9032
8696
8352
8084
7796
7609
7315
6987
6585
6253
5980
5642
5351
4970
4599
4291
3981
3661
3262
2892
2587
2301
2012
1651
1222
864
515
243
-79
-513
-830
-1161
-1346
-1541
-1792
-2054
-2372
-2746
-3080
-3351
-3669
-3900
-4161
-4367
-4625
-4914
-5199
-5354
-5509
-5742
-5954
-6279
-6434
-6626
-6795
-7073
-7392
-7586
-7716
-7803
-7970
-8269
-8512
-8612
-8660
-8709
-8903
-9121
-9269
-9342
-9276
-9365
-9393
-9548
-9564
-9547
-9561
-9479
-9450
-9317
-9249
-9185
-9083
-9035
-8955
-8869
-8780
-8614
-8472
-8342
-8143
-7985
-7774
-7498
-7174
-6849
-6654
-6605
-6480
-6245
-5985
-5653
-5477
-5304
-5120
-4875
-4600
-4392
-4170
-3971
-3718
-3422
-3100
-2760
-2546
-2354
-2265
-2066
-1773
-1535
-1356
-1193
-948
-606
-313
-148
-17
91
319
601
882
1077
1251
1377
1598
1828
2049
2284
2478
2586
2691
2830
3029
3268
3387
3481
3648
3857
4137
4355
4516
4674
4885
5186
5514
5804
6043
6184
6359
6594
6764
6959
7061
7295
7556
7753
7986
8243
8512
8860
9137
9375
9555
9750
9926
10130
10329
10515
10746
10969
11219
11461
11677
11727
11743
11749
11857
11979
12040
11996
11994
12004
12025
12043
12029
12009
11884
11771
11657
11526
11404
11196
11080
10956
10832
10623
10298
10044
9824
9671
9514
9323
9032
8653
8314
8048
7874
7641
7291
6849
6400
6102
5793
5528
5228
4902
4567
4220
3839
3443
3071
2759
2485
2195
1838
1426
1047
749
514
277
-104
-563
-906
-1151
-1382
-1677
-2087
-2458
-2686
-2958
-3190
-3518
-3834
-4173
-4540
-4855
-5225
-5549
-5844
-6085
-6305
-6547
-6783
-7073
-7310
-7536
-7683
-7879
-8098
-8433
-8630
-8747
-8813
-8854
-9013
-9246
-9446
-9638
-9756
-9837
-9950
-9976
-10005
-10054
-10068
-10199
-10277
-10232
-10175
-10097
-10128
-10228
-10172
-10136
-10074
-9959
-9891
-9716
-9590
-9515
-9401
-9298
-9115
-8916
-8811
-8608
-8487
-8257
-7965
-7686
-7435
-7301
-7154
-6953
-6781
-6594
-6381
-6103
-5824
-5607
-5377
-5120
-4792
-4416
-4199
-3976
-3818
-3636
-3324
-3105
-2946
-2841
-2776
-2470
-2175
-1931
-1803
-1720
-1506
-1214
-895
-695
-558
-454
-196
84
337
443
570
726
974
1177
1263
1381
1490
1671
1917
2109
2302
2494
2712
3013
3280
3493
3616
3796
4007
4190
4445
4676
4944
5217
5540
5813
5992
6173
6393
6645
6901
7097
7252
7493
7747
7892
8098
8239
8434
8721
8905
9097
9250
9488
9728
9916
10074
10150
10202
10376
10553
10672
10724
10643
10679
10800
10871
10965
10985
10906
10891
10837
10813
10762
10712
10630
10524
10312
9998
9777
9633
9467
9269
8973
8623
8473
8387
8305
8055
7578
7161
6860
6714
6481
6059
5634
5296
5105
4852
4485
3972
3565
3237
2934
2622
2301
1976
1627
1270
925
567
192
-265
-640
-951
-1212
-1457
-1788
-2072
-2377
-2617
-2851
-3193
-3540
-3866
-4088
-4252
-4517
-4806
-5108
-5364
-5596
-5899
-6151
-6362
-6480
-6650
-6902
-7242
-7470
-7703
-7898
-8138
-8488
-8687
-8879
-9006
-9116
-9335
-9529
-9654
-9747
-9850
-9946
-10061
-10110
-10151
-10246
-10352
-10464
-10473
-10432
-10398
-10382
-10393
-10358
-10234
-10199
-10123
-10071
-9992
-9876
-9774
-9600
-9417
-9246
-9070
-8985
-8814
-8602
-8371
-8166
-7944
-7701
-7461
-7162
-6974
-6671
-6458
-6275
-6001
-5777
-5500
-5275
-5031
-4723
-4475
-4339
-4185
-3939
-3605
-3300
-3120
-2966
-2804
-2503
-2206
-1950
-1782
-1636
-1466
-1188
-941
-764
-591
-391
-293
-20
200
416
608
745
950
1130
1316
1485
1640
1866
1994
2118
2243
2382
2687
2955
3151
3237
3254
3411
3676
3972
4345
4551
4743
4940
5058
5276
5422
5716
5989
6255
6558
6803
7012
7209
7445
7752
8028
8248
8471
8710
8982
9232
9387
9427
9589
9797
10086
10284
10442
10570
10671
10792
10848
10949
11014
11098
11245
11298
11304
11339
11303
11415
11470
11423
11224
10971
10766
10638
10536
10413
10293
10165
10017
9824
9607
9367
9208
9015
8843
8594
8277
7958
7656
7369
6954
6593
6234
6013
5782
5507
5161
4769
4481
4161
3816
3474
3118
2825
2468
2092
1767
1385
1089
754
381
22
-409
-755
-1065
-1305
-1567
-1924
-2221
-2476
-2724
-2952
-3302
-3652
-3954
-4227
-4491
-4766
-5031
-5257
-5486
-5716
-5952
-6225
-6429
-6702
-6963
-7272
-7604
-7756
-7903
-7981
-8203
-8474
-8693
-8973
-9102
-9254
-9392
-9572
-9771
-9820
-9881
-9850
-9915
-9993
-10086
-10121
-10133
-10163
-10198
-10233
-10250
-10151
-10081
-10009
-9971
-10013
-9956
-9853
-9727
-9600
-9543
-9461
-9250
-8988
-8729
-8613
-8488
-8346
-8150
-7932
-7818
-7648
-7435
-7219
-6959
-6707
-6409
-6133
-5858
-5655
-5524
-5374
-5119
-4753
-4498
-4327
-4169
-3901
-3637
-3379
-3199
-2964
-2697
-2414
-2191
-2050
-1911
-1700
-1487
-1216
-930
-833
-711
-681
-435
-131
88
288
424
681
865
1058
1160
1319
1470
1651
1894
2116
2250
2446
2701
2997
3235
3273
3384
3512
3760
3961
4177
4325
4521
4773
5047
5367
5559
5805
5999
6326
6652
6959
7246
7422
7642
7890
8166
8452
8618
8772
8948
9203
9450
9662
9851
9957
10183
10411
10617
10779
10837
10951
11032
11110
11127
11188
11304
11413
11468
11493
11429
11414
11375
11283
11120
10982
10878
10750
10688
10498
10349
10132
9932
9766
9627
9438
9215
9009
8753
8531
8233
7853
7480
7154
6944
6776
6496
6161
5723
5373
5031
4709
4392
3999
3704
3383
3085
2776
2383
1994
1711
1412
1032
693
298
3
-279
-630
-966
-1373
-1752
-2062
-2267
-2515
-2845
-3209
-3549
-3804
-4044
-4422
-4803
-5182
-5455
-5549
-5781
-6086
-6326
-6493
-6680
-6902
-7171
-7452
-7699
-7899
-8090
-8322
-8575
-8814
-9084
-9202
-9287
-9416
-9537
-9773
-9907
-10083
-10078
-10106
-10210
-10234
-10412
-10450
-10512
-10482
-10441
-10472
-10504
-10492
-10396
-10324
-10296
-10299
-10146
-9925
-9746
-9629
-9492
-9313
-9037
-8891
-8831
-8759
-8617
-8323
-8123
-7948
-7780
-7583
-7291
-7002
-6824
-6622
-6388
-6061
-5720
-5491
-5346
-5216
-5059
-4794
-4529
-4233
-3996
-3723
-3397
-3141
-2970
-2782
-2548
-2267
-1961
-1730
-1534
-1375
-1172
-935
-655
-431
-218
-6
208
438
578
692
765
900
1108
1322
1510
1667
1887
2036
2225
2373
2512
2657
2746
2953
3166
3494
3791
4004
4209
4389
4628
4804
4955
5152
5399
5613
5828
5985
6162
6362
6589
6859
7156
7460
7741
7987
8153
8397
8584
8866
9102
9266
9381
9495
9674
9872
10014
10021
10190
10374
10609
10759
10756
10758
10861
10925
10984
10890
10828
10840
10902
11025
10916
10771
10568
10405
10398
10288
10176
9962
9689
9456
9173
8947
8718
8453
8148
7834
7562
7404
7160
6883
6414
5986
5688
5526
5284
4977
4590
4242
3951
3661
3361
2952
2568
2261
1954
1685
1303
860
444
-45
-266
-504
-881
-1220
-1640
-1828
-2054
-2329
-2672
-3021
-3338
-3686
-3982
-4279
-4451
-4691
-4966
-5320
-5654
-5956
-6208
-6428
-6659
-6894
-7103
-7452
-7746
-8029
-8261
-8474
-8698
-8954
-9219
-9382
-9533
-9613
-9817
-9967
-10061
-10143
-10222
-10323
-10500
-10571
-10634
-10679
-10787
-10959
-11087
-11063
-10917
-10812
-10826
-10916
-10945
-10852
-10699
-10654
-10578
-10506
-10400
-10247
-10109
-9963
-9780
-9661
-9470
-9309
-9144
-8948
-8754
-8561
-8384
-8096
-7837
-7556
-7370
-7190
-6971
-6720
-6460
-6170
-5959
-5665
-5442
-5238
-4978
-4763
-4494
-4232
-3920
-3651
-3475
-3253
-3073
-2804
-2490
-2323
-2262
-2086
-1824
-1496
-1255
-1172
-1037
-861
-585
-397
-232
-101
138
363
536
639
787
981
1173
1434
1570
1824
2055
2266
2403
2452
2621
2829
3104
3373
3557
3809
4039
4321
4594
4767
4922
5092
5329
5635
5862
6160
6392
6638
6855
7059
7300
7511
7777
7979
8202
8320
8393
8588
8749
8952
9126
9322
9594
9756
9962
10090
10237
10373
10467
10497
10449
10396
10399
10527
10668
10719
10732
10650
10643
10575
10496
10364
10210
10026
9872
9801
9688
9559
9318
9052
8907
8677
8451
8190
7831
7520
7277
6960
6708
6360
6001
5666
5264
4873
4540
4279
3971
3528
3041
2672
2373
2150
1820
1419
1103
788
563
126
-326
-795
-1124
-1418
-1789
-2169
-2526
-2691
-2982
-3296
-3589
-3895
-4069
-4244
-4540
-4800
-5055
-5360
-5650
-6097
-6361
-6559
-6667
-6878
-7235
-7537
-7772
-7946
-8110
-8303
-8490
-8676
-8848
-8987
-9096
-9207
-9372
-9675
-9929
-10110
-10209
-10288
-10413
-10566
-10729
-10805
-10858
-10870
-10931
-10930
-10921
-10869
-10815
-10774
-10681
-10666
-10601
-10607
-10457
-10270
-10156
-10069
-10131
-10042
-9917
-9786
-9571
-9467
-9293
-9086
-8914
-8643
-8386
-8140
-7907
-7674
-7411
-7195
-6973
-6822
-6550
-6258
-6021
-5741
-5560
-5322
-5109
-4863
-4598
-4333
-4057
-3831
-3658
-3466
-3272
-2941
-2679
-2401
-2149
-2032
-1851
-1722
-1473
-1228
-1060
-849
-752
-591
-437
-191
53
218
405
480
729
976
1211
1399
1532
1754
1921
2130
2304
2449
2646
2841
3052
3300
3545
3796
4022
4249
4494
4733
4941
5125
5404
5671
5914
6140
6404
6725
7031
7311
7525
7694
7839
8083
8255
8492
8713
8906
9121
9322
9485
9761
9953
10129
10228
10340
10559
10726
10869
10943
10897
10939
11012
11016
11070
10983
11003
10939
10873
10738
10697
10625
10559
10411
10184
10027
9838
9676
9395
9168
8891
8718
8549
8312
8031
7738
7456
7227
6923
6531
6124
5753
5536
5351
5019
4617
4133
3702
3413
3061
2708
2366
1993
1734
1400
1090
745
401
13
-466
-930
-1282
-1498
-1768
-2026
-2374
-2661
-2905
-3170
-3411
-3719
-3952
-4262
-4567
-4937
-5326
-5724
-6066
-6381
-6496
-6672
-6937
-7208
-7489
-7645
-7843
-7964
-8255
-8471
-8755
-8983
-9041
-9251
-9325
-9516
-9678
-9825
-10075
-10273
-10503
-10683
-10789
-10738
-10753
-10866
-11046
-11215
-11274
-11282
-11241
-11215
-11221
-11204
-11259
-11254
-11262
-11223
-11098
-10978
-10969
-10844
-10735
-10615
-10466
-10313
-10082
-9803
-9558
-9416
-9228
-9024
-8766
-8525
-8378
-8160
-7841
-7518
-7235
-7051
-6813
-6569
-6261
-5987
-5714
-5439
-5156
-4901
-4651
-4422
-4138
-3844
-3640
-3496
-3405
-3255
-2970
-2607
-2390
-2234
-2075
-1780
-1504
-1303
-1181
-1048
-815
-544
-339
-208
-48
76
361
550
770
917
1012
1126
1261
1459
1692
1905
2018
2256
2447
2735
3003
3188
3492
3753
4057
4350
4498
4648
4858
5105
5418
5682
5917
6215
6416
6643
6889
7132
7400
7694
7884
8063
8264
8445
8698
8830
9084
9288
9505
9757
9905
10045
10065
10107
10191
10325
10447
10543
10693
10695
10761
10740
10778
10903
10807
10677
10440
10325
10349
10233
10065
9877
9768
9734
9685
9482
9274
9035
8807
8597
8233
7913
7576
7271
7055
6824
6540
6238
5898
5548
5240
4861
4600
4344
4015
3573
3124
2775
2520
2267
1870
1512
1177
912
613
194
-257
-657
-977
-1249
