0
0
0
0
0
0
0
0
0
0
0
0
0
0
0
-293
-9617
-4815
8665
-92
789
1124
1363
1663
1996
2305
2673
3050
3240
3539
4040
4433
4866
5215
5494
5916
6299
6551
6913
7156
7318
7706
7794
7750
7942
7924
7947
8010
7978
7916
7734
7406
7194
6821
6436
6147
5650
5215
5022
4487
3956
3547
2938
2406
1908
1413
896
299
-317
-744
-1148
-1587
-1892
-2367
-2809
-3140
-3601
-3910
-4447
-4926
-5313
-5698
-6016
-6317
-6667
-6986
-7113
-7360
-7626
-7739
-7900
-7953
-7942
-7979
-8046
-7898
-7757
-7799
-7645
-7428
-7087
-6811
-6694
-6395
-6118
-5859
-5513
-5154
-4749
-4441
-3980
-3548
-3217
-2817
-2481
-2178
-1784
-1485
-1160
-1016
-780
-399
-161
160
438
698
927
1065
1439
1711
1917
2287
2634
2849
3158
3616
3880
4173
4642
4998
5354
5599
5852
6221
6538
6772
7000
7312
7444
7576
7804
7703
7669
7787
7569
7525
7482
7253
7112
6683
6235
6024
5683
5219
4743
4186
3698
3289
2812
2217
1722
1183
673
208
-352
-886
-1264
-1805
-2198
-2627
-3042
-3402
-3802
-4118
-4597
-4941
-5215
-5582
-5756
-6069
-6520
-6757
-6987
-7286
-7499
-7675
-7786
-7866
-7964
-8132
-8012
-7966
-7964
-7736
-7677
-7580
-7229
-7008
-6833
-6569
-6308
-5949
-5548
-5144
-4836
-4472
-4096
-3711
-3320
-2972
-2681
-2247
-1921
-1691
-1327
-1021
-662
-397
-47
208
483
723
974
1264
1445
1859
2233
2471
2920
3079
3347
3820
4060
4285
4677
5027
5311
5641
5914
6258
6663
6946
7119
7346
7644
7800
7959
8029
8070
8092
8075
8021
7928
7764
7491
7198
6896
6520
6101
5739
5279
4878
4427
3899
3406
2948
2455
1945
1438
1033
552
-2
-425
-966
-1419
-1826
-2268
-2519
-3090
-3613
-3974
-4437
-4833
-5065
-5499
-5849
-6069
-6407
-6655
-6923
-7256
-7429
-7651
-7792
-7874
-7869
-7960
-7971
-7892
-7972
-7861
-7657
-7599
-7463
-7215
-6921
-6670
-6354
-6067
-5726
-5290
-5007
-4683
-4303
-3929
-3530
-3350
-2974
-2433
-2180
-1792
-1438
-1270
-965
-654
-409
-119
181
448
744
989
1290
1514
1790
2231
2594
2905
3299
3577
3838
4188
4598
4996
5347
5549
5934
6273
6453
6785
7158
7390
7462
7496
7604
7610
7643
7589
7485
7319
7130
7015
6815
6496
6220
5828
5458
5074
4684
4301
3743
3257
2703
2096
1704
1234
795
291
-381
-701
-1179
-1659
-2092
-2487
-2943
-3329
-3717
-4166
-4546
-4943
-5245
-5523
-5715
-6028
-6374
-6660
-7016
-7253
-7411
-7684
-7923
-7941
-7948
-7969
-7961
-7838
-7775
-7716
-7626
-7455
-7174
-6944
-6650
-6295
-5978
-5706
-5462
-5040
-4661
-4369
-3963
-3536
-3183
-2842
-2582
-2234
-1814
-1535
-1154
-896
-619
-332
-142
129
434
682
918
1226
1508
1654
1884
2228
2605
2954
3316
3546
3806
4145
4321
4777
5282
5549
5890
6250
6557
6774
7056
7362
7461
7576
7643
7691
7780
7709
7678
7685
7621
7444
7145
6742
6541
6247
5893
5474
4999
4505
4129
3611
3073
2647
2059
1612
1144
531
147
-292
-933
-1273
-1729
-2147
-2455
-2977
-3427
-3769
-4073
-4509
-4825
-5132
-5592
-5834
-6071
-6483
-6662
-6916
-7036
-7192
-7419
-7494
-7566
-7662
-7628
-7447
-7392
-7235
-7092
-6890
-6594
-6314
-6023
-5843
-5593
-5189
-4897
-4561
-4151
-3836
-3478
-3164
-2886
-2437
-2083
-1841
-1530
-1222
-811
-504
-282
-106
66
310
593
941
1238
1391
1565
1833
2131
2415
2627
2923
3347
3615
3759
4181
4546
4904
5231
5549
5912
6183
6488
6802
7075
7317
7504
7637
7825
7901
7863
7925
7862
7820
7832
7635
7362
7165
6935
6654
6216
5733
5412
4965
4380
3889
3416
2965
2480
1850
1451
996
416
11
-591
-1150
-1407
-1938
-2426
-2715
-3065
-3527
-3964
-4268
-4751
-5165
-5344
-5702
-6086
-6359
-6646
-6867
-7051
-7245
-7309
-7529
-7725
-7730
-7640
-7588
-7578
-7446
-7183
-7095
-7034
-6693
-6454
-6308
-5876
-5565
-5323
-4854
-4553
-4179
-3795
-3449
-3007
-2617
-2237
-1890
-1644
-1343
-1007
-723
-455
-203
118
421
593
888
1086
1329
1597
1844
2109
2402
2751
3074
3324
3664
3869
4160
4603
4907
5332
5789
6108
6317
6590
6906
7214
7414
7576
7802
7935
7945
7942
7972
7929
7858
7755
7528
7317
7045
6870
6547
6093
5762
5274
4765
4394
4023
3458
2939
2473
1962
1428
1031
521
12
-344
-886
-1268
-1685
-2188
-2628
-3098
-3599
-3918
-4323
-4759
-4988
-5352
-5760
-5957
-6241
-6476
-6803
-6940
-7031
-7267
-7450
-7483
-7556
-7607
-7448
-7276
-7261
-7161
-6952
-6709
-6415
-6203
-5923
-5546
-5187
-4960
-4641
-4205
-3880
-3447
-2996
-2705
-2369
-1971
-1650
-1310
-1011
-724
-414
-228
84
486
699
986
1377
1577
1924
2179
2362
2797
3071
3234
3621
4054
4381
4639
5023
5420
5720
6202
6447
6699
7183
7472
7723
8009
8196
8336
8568
8642
8698
8859
8807
8694
8660
8492
8307
8090
7698
7426
7168
6795
6555
6100
5642
5111
4622
4165
3679
3245
2657
2185
1793
1237
705
291
-256
-631
-1010
-1528
-1920
-2353
-2785
-3220
-3588
-3974
-4347
-4711
-5114
-5388
-5693
-5968
-6254
-6556
-6732
-6893
-7159
-7220
-7230
-7221
-7161
-7157
-7006
-6875
-6885
-6683
-6419
-6269
-5965
-5632
-5193
-4928
-4638
-4273
-3882
-3628
-3115
-2868
-2608
-2153
-1843
-1542
-1163
-837
-499
-310
-20
485
754
1040
1358
1413
1643
1833
2009
2376
2740
2998
3289
3632
4025
4452
4717
5052
5409
5775
6185
6528
6925
7242
7417
7610
7847
8235
8421
8372
8540
8607
8584
8737
8435
8323
8350
7993
7610
7280
6915
6547
6300
5800
5296
4894
4361
3859
3406
3011
2423
1837
1344
792
203
-185
-627
-1145
-1554
-1887
-2346
-2786
-3225
-3579
-3841
-4297
-4694
-4989
-5334
-5651
-5883
-6227
-6451
-6599
-6826
-7089
-7178
-7293
-7437
-7390
-7341
-7343
-7298
-7197
-6932
-6718
-6620
-6367
-6010
-5761
-5379
-5046
-4665
-4324
-4043
-3743
-3412
-3090
-2728
-2337
-2092
-1723
-1328
-1053
-727
-356
-31
263
571
832
1216
1463
1529
1713
2141
2402
2588
3032
3439
3703
3949
4401
4844
5127
5457
5838
6235
6694
7140
7449
7683
7955
8272
8587
8818
8927
8968
9094
9067
9133
9066
8887
8774
8533
8372
8197
7766
7431
7117
6583
6169
5849
5348
4855
4336
3836
3347
2757
2249
1845
1487
899
336
-9
-406
-870
-1310
-1945
-2198
-2418
-2993
-3328
-3772
-4202
-4356
-4770
-4900
-5152
-5467
-5738
-6139
-6277
-6391
-6476
-6451
-6604
-6637
-6719
-6798
-6591
-6539
-6504
-6198
-5918
-5725
-5467
-5229
-4932
-4495
-4164
-3863
-3496
-3157
-2799
-2529
-2125
-1728
-1405
-961
-680
-438
12
322
618
933
1326
1583
1867
2185
2358
2620
2920
3135
3457
3862
4152
4539
4825
4998
5526
5899
6146
6647
6917
7166
7545
7702
7937
8355
8605
8798
8954
9115
9191
9197
9173
9133
9080
8757
8591
8445
8068
7869
7579
7163
6776
6381
5849
5331
4909
4452
3958
3447
2995
2486
1938
1619
1019
534
171
-427
-818
-1122
-1633
-2008
-2530
-2917
-3259
-3685
-3999
-4424
-4747
-4930
-5293
-5623
-5859
-6091
-6341
-6484
-6691
-6819
-6927
-6929
-6949
-7069
-6924
-6724
-6611
-6560
-6436
-6159
-5804
-5511
-5247
-4951
-4694
-4255
-3949
-3735
-3361
-3076
-2713
-2307
-2051
-1708
-1341
-1073
-754
-502
-250
-41
243
645
838
1078
1258
1510
1880
2100
2399
2676
2957
3415
3730
4035
4338
4636
4851
5271
5686
5913
6252
6567
6870
7188
7441
7678
7808
7930
8134
8175
8274
8338
8108
7997
7841
7556
7333
7027
6702
6366
6066
5687
5219
4807
4280
3749
3211
2729
2198
1763
1288
855
217
-228
-523
-1081
-1540
-2062
-2321
-2701
-3188
-3575
-3987
-4388
-4695
-4970
-5224
-5596
-5929
-6144
-6331
-6608
-6734
-6773
-6962
-7072
-7097
-7179
-7286
-7208
-7110
-7024
-6721
-6586
-6492
-6250
-5961
-5604
-5362
-5013
-4702
-4495
-4145
-3801
-3366
-3095
-2875
-2488
-2046
-1732
-1315
-1045
-857
-422
-95
81
480
801
1058
1262
1744
2013
2132
2536
2734
2984
3502
3720
4049
4480
4770
5213
5512
5848
6406
6687
6892
7388
7625
7997
8327
8473
8744
8903
8865
8950
9110
9150
9023
8906
8774
8495
8129
7839
7556
7281
6882
6555
6097
5602
5021
4551
4257
3649
2973
2495
2100
1631
1165
603
146
-374
-881
-1213
-1635
-2224
-2548
-2952
-3425
-3747
-4161
-4668
-4893
-5075
-5351
-5656
-5995
-6296
-6448
-6738
-6877
-7040
-7151
-7158
-7231
-7229
-7059
-6964
-6803
-6532
-6471
-6269
-5931
-5686
-5400
-4994
-4626
-4334
-3960
-3686
-3278
-2862
-2607
-2306
-1912
-1467
-1119
-860
-588
-399
-108
241
536
803
965
1293
1567
1696
1963
2239
2565
2935
3263
3531
3747
4086
4458
4869
5241
5526
5972
6259
6445
6881
7176
7315
7625
8018
8258
8427
8578
8606
8600
8696
8707
8487
8380
8279
8033
7711
7367
7116
6843
6509
6038
5525
5032
4593
4111
3551
3066
2466
1979
1561
895
393
-30
-526
-896
-1375
-1834
-2321
-2613
-3015
-3517
-3806
-4269
-4604
-4897
-5341
-5625
-5940
-6246
-6287
-6579
-6872
-6981
-7133
-7194
-7210
-7242
-7252
-7232
-7125
-6995
-6850
-6569
-6374
-6111
-5859
-5641
-5335
-5004
-4646
-4307
-3934
-3629
-3354
-3118
-2656
-2345
-2093
-1606
-1287
-904
-454
-338
-114
243
523
854
1078
1332
1612
1788
2156
2429
2671
3014
3408
3672
4010
4363
4663
5147
5457
5734
6169
6467
6722
7009
7295
7625
7945
8085
8165
8304
8455
8522
8490
8384
8386
8264
8078
7899
7665
7494
7147
6732
6341
5957
5573
4968
4435
4082
3477
2849
2576
1998
1509
1016
310
-196
-606
-982
-1487
-1893
-2238
-2711
-3109
-3476
-3877
-4257
-4680
-5066
-5278
-5587
-5879
-6112
-6588
-6846
-6925
-7106
-7276
-7360
-7353
-7480
-7547
-7446
-7389
-7171
-7029
-6833
-6581
-6508
-6238
-5891
-5748
-5315
-4923
-4613
-4304
-4005
-3647
-3369
-2954
-2487
-2179
-1913
-1624
-1266
-1022
-726
-450
-241
92
360
631
937
1119
1262
1577
1724
1974
2379
2602
3089
3444
3603
4011
4415
4833
5190
5507
5849
6257
6661
6813
7021
7326
7520
7715
8047
8098
8184
8144
8057
8180
7969
7790
7656
7327
7178
6826
6512
6219
5668
5303
4875
4386
3792
3205
2849
2369
1785
1316
914
305
-213
-612
-1154
-1625
-2019
-2438
-2909
-3305
-3683
-4173
-4619
-4977
-5265
-5488
-5821
-6161
-6400
-6741
-6981
-7107
-7277
-7456
-7450
-7534
-7673
-7560
-7550
-7558
-7332
-7184
-7061
-6755
-6589
-6281
-5989
-5802
-5399
-4932
-4562
-4293
-4059
-3746
-3392
-2978
-2747
-2257
-1801
-1621
-1337
-1033
-823
-443
-189
25
276
610
827
1055
1320
1495
1827
2152
2412
2697
3099
3411
3674
4011
4393
4731
4947
5348
5877
6139
6358
6801
7122
7337
7599
7817
8005
7950
7916
7980
7956
7979
7950
7792
7708
7372
7075
6788
6453
6095
5560
5224
4842
4284
3772
3141
2688
2215
1722
1296
755
263
-261
-665
-1161
-1687
-2135
-2416
-2916
-3384
-3804
-4181
-4554
-4906
-5232
-5646
-6093
-6364
-6458
-6807
-7215
-7280
-7415
-7611
-7693
-7913
-7888
-7785
-7905
-7961
-7897
-7801
-7542
-7325
-7097
-6875
-6660
-6343
-5964
-5723
-5438
-5093
-4802
-4447
-4074
-3755
-3327
-2899
-2589
-2410
-2040
-1693
-1493
-1214
-949
-637
-379
-64
186
393
601
835
1146
1371
1628
2053
2400
2757
3055
3285
3576
3922
4285
4650
5032
5415
5797
6108
6385
6628
6897
7082
7263
7357
7464
7572
7559
7468
7386
7155
6997
6802
6556
6420
6010
5515
5283
4877
4543
4027
3454
3043
2545
1980
1361
932
412
-174
-637
-1097
-1557
-2058
-2628
-2991
-3254
-3837
-4171
-4629
-5101
-5252
-5654
-5944
-6198
-6616
-6908
-7276
-7573
-7760
-7926
-8194
-8343
-8426
-8480
-8373
-8545
-8587
-8360
-8180
-8043
-7831
-7671
-7485
-7131
-6867
-6654
-6256
-5951
-5652
-5349
-4995
-4628
-4245
-3890
-3574
-3254
-2988
-2629
-2252
-2019
-1782
-1358
-1008
-788
-487
-197
-71
207
480
684
1134
1481
1638
1950
2171
2611
2935
3075
3567
3904
4165
4646
5005
5400
5659
5971
6319
6539
6845
7117
7168
7241
7324
7270
7280
7219
7073
6887
6657
6385
6145
5894
5524
5295
4944
4454
4053
3513
2958
2461
2033
1480
956
516
-67
-505
-997
-1495
-2051
-2461
-2792
-3234
-3632
-3994
-4411
-4896
-5234
-5479
-5909
-6229
-6494
-6826
-7162
-7356
-7591
-7873
-7948
-8089
-8243
-8227
-8331
-8417
-8252
-8185
-8149
-7968
-7811
-7637
-7365
-7166
-6818
-6517
-6295
-5936
-5685
-5380
-4838
-4434
-4197
-3793
-3370
-3061
-2722
-2292
-1964
-1728
-1368
-1039
-801
-558
-189
153
418
674
1022
1165
1507
1943
2246
2488
2829
3058
3265
3678
4141
4509
4822
5086
5528
5836
6088
6534
6816
6972
7224
7329
7587
7720
7722
7694
7686
7629
7452
7307
7147
6951
6549
6194
5891
5602
5215
4713
4316
3841
3276
2770
2192
1715
1253
706
240
-437
-912
-1257
-1827
-2164
-2598
-3052
-3247
-3864
-4261
-4588
-4979
-5352
-5705
-6007
-6368
-6703
-6979
-7287
-7640
-7938
-8060
-8257
-8311
-8357
-8477
-8503
-8369
-8413
-8469
-8300
-8127
-7998
-7687
-7405
-7113
-6816
-6455
-6178
-5822
-5400
-4991
-4679
-4395
-3870
-3408
-3253
-2906
-2454
-2244
-1808
-1532
-1337
-954
-655
-423
-103
184
409
775
1047
1261
1535
1993
2412
2632
2934
3158
3549
3968
4154
4555
5019
5278
5701
6215
6394
6713
6952
7094
7315
7430
7597
7738
7776
7666
7661
7538
7370
7241
6976
6736
6449
6084
5690
5284
4800
4419
3839
3393
2884
2321
1889
1451
983
566
-106
-750
-1018
-1478
-2051
-2512
-2886
-3246
-3674
-4123
-4560
-4967
-5253
-5610
-5942
-6352
-6693
-6965
-7148
-7291
-7637
-7817
-7952
-8129
-8183
-8216
-8245
-8306
-8288
-8241
-8080
-7884
-7669
-7457
-7296
-7107
-6722
-6457
-6183
-5761
-5395
-4994
-4708
-4296
-3873
-3669
-3183
-2671
-2481
-2065
-1882
-1667
-1260
-1023
-792
-533
-261
-48
185
495
822
1118
1395
1679
2097
2468
2706
3102
3501
3785
4134
4443
4735
5223
5596
5942
6318
6521
6757
7024
7173
7482
7648
7693
7810
7732
7758
7687
7602
7498
7316
7010
6614
6399
6179
5647
5255
4932
4412
3884
3368
2846
2425
1933
1466
1003
385
-158
-586
-1140
-1520
-1940
-2460
-2822
-3454
-3854
-4199
-4618
-4979
-5270
-5722
-6098
-6394
-6821
-7003
-7312
-7571
-7764
-8038
-8109
-8102
-8262
-8395
-8317
-8254
-8291
-8190
-8099
-7978
-7757
-7569
-7280
-6919
-6658
-6318
-6055
-5706
-5302
-4905
-4476
-4179
-3758
-3425
-3062
-2546
-2260
-1958
-1579
-1291
-971
-821
-510
-213
40
287
526
829
1134
1316
1665
2013
2269
2676
3004
3337
3706
4026
4251
4661
5039
5376
5739
6027
6330
6718
6940
7197
7457
7545
7824
7901
7851
7959
7794
7651
7635
7383
7076
6780
6595
6322
5907
5381
4932
4460
4039
3637
3154
2613
2202
1797
1328
756
135
-376
-774
-1273
-1792
-2099
-2498
-3026
-3298
-3703
-4202
-4557
-4923
-5281
-5545
-5739
-6027
-6340
-6651
-7061
-7225
-7331
-7521
-7587
-7661
-7735
-7644
-7620
-7638
-7367
-7169
-7194
-6978
-6700
-6500
-6205
-5820
-5579
-5253
-4897
-4614
-4259
-3877
-3553
-3157
-2773
-2541
-2238
-1926
-1696
-1375
-1084
-792
-443
-213
29
344
536
807
1035
1242
1658
1955
2262
2660
2825
3198
3554
3760
4122
4562
4843
5249
5678
5944
6342
6578
6889
7150
7343
7583
7631
7711
7889
7912
7963
7971
7808
7675
7517
7272
6962
6600
6304
5995
5606
5219
4697
4264
3764
3221
2762
2297
1875
1367
774
267
-201
-644
-1110
-1625
-2131
-2481
-2842
-3376
-3757
-4142
-4570
-4978
-5340
-5632
-5963
-6342
-6696
-6908
-7133
-7393
-7538
-7815
-7998
-7951
-8007
-7935
-7894
-7888
-7739
-7599
-7428
-7226
-7041
-6732
-6548
-6156
-5765
-5585
-5164
-4768
-4531
-4091
-3725
-3438
-3102
-2802
-2516
-2127
-1826
-1468
-1129
-887
-795
-507
-187
124
370
596
913
1252
1512
1755
2131
2389
2625
3106
3386
3688
4045
4274
4672
5075
5406
5912
6217
6432
6870
7054
7221
7644
7694
7707
7885
7917
8003
7933
7822
7763
7668
7354
7125
6878
6586
6307
5928
5514
5019
4439
4083
3535
3046
2604
2028
1590
1163
614
37
-423
-959
-1283
-1785
-2310
-2771
-3245
-3617
-3970
-4237
-4621
-5049
-5343
-5728
-6067
-6433
-6732
-6922
-7153
-7356
-7442
-7637
-7763
-7891
-7999
-7848
-7781
-7704
-7552
-7497
-7279
-7021
-6779
-6487
-6289
-5822
-5511
-5400
-5061
-4654
-4340
-4002
-3653
-3272
-2810
-2487
-2131
-1810
-1616
-1358
-1013
-754
-446
-106
132
383
631
869
1109
1510
1834
2201
2528
2908
3281
3516
3926
4203
4520
5004
5338
5673
6176
6480
6840
7117
7385
7675
7840
8035
8217
8487
8561
8329
8303
8320
8262
8132
7912
7800
7429
7099
6848
6448
6022
5631
5108
4469
4079
3642
3052
2553
2071
1566
1050
467
-110
-455
-884
-1295
-1726
-2136
-2561
-2961
-3291
-3813
-4171
-4549
-4927
-5160
-5476
-5793
-6042
-6289
-6640
-6878
-7044
-7192
-7371
-7508
-7481
-7395
-7342
-7306
-7256
-7065
-6890
-6648
-6412
-6199
-5873
-5595
-5232
-4690
-4341
-4063
-3670
-3352
-2965
-2638
-2369
-1945
-1573
-1262
-864
-607
-401
-51
217
406
751
975
1196
1548
1637
1965
2400
2559
2869
3289
3505
3849
4146
4513
4991
5242
5578
5915
6192
6571
6967
7348
7557
7701
8023
8182
8391
8617
8625
8651
8648
8582
8418
8152
7950
7840
7436
7068
6775
6408
6069
5520
5031
4621
4144
3618
3049
2492
1921
1456
948
483
-7
-460
-833
-1352
-1839
-2160
-2632
-3040
-3542
-4080
-4319
-4623
-4962
-5330
-5688
-5810
-5942
-6323
-6610
-6770
-6931
-7125
-7309
-7435
-7430
-7343
-7410
-7437
-7213
-7084
-6995
-6772
-6579
-6359
-5945
-5674
-5489
-5063
-4738
-4322
-3918
-3679
-3298
-2873
-2417
-1952
-1861
-1443
-966
-816
-397
-3
288
595
779
1188
1427
1551
2037
2259
2530
2975
3285
3598
3888
4212
4565
5019
5425
5675
6008
6392
6715
7073
7423
7631
7983
8262
8515
8691
8886
8954
8975
9000
9036
9022
9045
8841
8589
8445
8139
7763
7452
7048
6647
6281
5843
5310
4767
4306
3802
3234
2723
2187
1643
1298
748
288
-187
-619
-934
-1458
-1825
-2271
-2635
-2962
-3550
-3926
-4275
-4580
-4872
-5153
-5458
-5804
-5925
-6224
-6506
-6665
-6866
-7041
-7187
-7262
-7165
-7075
-6942
-6766
-6732
-6624
-6463
-6180
-5828
-5569
-5316
-4855
-4460
-4275
-3915
-3475
-3192
-2956
-2408
-2050
-1797
-1327
-1014
-703
-487
-315
89
447
707
1029
1385
1476
1783
2030
2228
2570
2852
3117
3465
3706
4012
4298
4730
5138
5411
5727
6169
6558
6762
7109
7395
7663
7919
8119
8366
8502
8578
8645
8612
8535
8489
8359
8148
8007
7738
7503
7244
6863
6445
6041
5681
5162
4687
4290
3607
3157
2708
2136
1794
1384
810
399
-156
-741
-1107
-1602
-1996
-2354
-2811
-3238
-3692
-4115
-4562
-4920
-5110
-5431
-5671
-5935
-6188
-6360
-6656
-6801
-6996
-7199
-7281
-7205
-7207
-7152
-6960
-6974
-6858
-6530
-6492
-6263
-5872
-5561
-5284
-4882
-4642
-4416
-3959
-3632
-3327
-2937
-2625
-2385
-2063
-1795
-1367
-991
-719
-529
-302
-35
295
592
897
1083
1347
1562
1658
1955
2335
2628
2947
3211
3485
3807
4119
4477
4776
5206
5614
5871
6233
6519
6815
7122
7368
7657
7767
7837
7945
8108
8115
8058
8120
8031
7899
7839
7632
7308
6899
6606
6369
5894
5398
4977
4464
4124
3687
3096
2612
2210
1814
1369
789
320
-11
-522
-944
-1467
-1861
-2116
-2630
-3106
-3471
-3862
-4089
-4442
-4952
-5260
-5582
-5743
-5938
-6254
-6500
-6651
-6724
-6790
-6994
-7074
-7120
-7186
-7010
-6867
-6765
-6561
-6451
-6342
-5942
-5657
-5456
-5142
-4873
-4485
-4153
-3852
-3422
-3148
-2724
-2346
-2053
-1609
-1222
-961
-631
-317
-18
178
375
676
982
1245
1574
1887
2132
2468
2779
3091
3508
3709
4006
4482
4762
5123
5587
5982
6287
6576
6968
7344
7559
7822
8137
8379
8510
8684
8801
8918
8885
8885
8939
8852
8631
8428
8198
7923
7636
7316
7006
6575
6197
5736
5259
4914
4385
3697
3324
2933
2420
1973
1358
736
195
-324
-610
-1007
-1377
-1866
-2277
-2625
-3010
-3412
-3870
-4151
-4491
-4895
-5171
-5428
-5679
-5861
-6161
-6371
-6489
-6739
-6927
-7033
-7067
-7029
-6980
-6829
-6733
-6633
-6485
-6317
-6004
-5804
-5556
-5281
-5061
-4664
-4310
-4078
-3660
-3272
-3117
-2732
-2391
-2065
-1688
-1388
-1121
-864
-571
-215
-67
122
350
628
1007
1180
1373
1714
1804
2171
2553
2750
3111
3335
3687
4104
4467
4835
5245
5468
5767
6223
6370
6565
6853
7053
7314
7390
7474
7641
7644
7699
7694
7520
7419
7202
7057
6951
6713
6386
6014
5635
5155
4743
4359
3932
3364
2842
2458
2010
1537
981
479
-52
-412
-925
-1194
-1544
-1997
-2386
-2850
-3326
-3657
-4128
-4634
-4829
-5213
-5629
-5886
-6199
-6506
-6850
-7101
-7162
-7217
-7378
-7518
-7574
-7545
-7560
-7437
-7370
-7303
-7201
-7072
-6888
-6569
-6336
-6080
-5692
-5285
-5026
-4791
-4335
-3984
-3678
-3466
-3215
-2773
-2370
-2178
-1795
-1389
-1217
-1021
-813
-467
-26
153
446
799
894
1129
1390
1567
1943
2352
2641
2965
3339
3815
4120
4419
4875
5218
5643
6127
6289
6532
6797
7078
7521
7716
7883
8010
8150
8240
8271
8260
8231
8354
8251
7886
7738
7532
7275
7109
6653
6269
5884
5305
4919
4471
4024
3518
3028
2645
2156
1719
1197
738
245
-236
-646
-988
-1437
-1869
-2170
-2576
-2979
-3319
-3747
-4148
-4473
-4805
-5122
-5454
-5689
-5905
-6170
-6353
-6451
-6688
-6770
-6775
-6752
-6743
-6617
-6531
-6400
-6231
-6117
-5860
-5729
-5454
-4976
-4761
-4487
-4111
-3755
-3444
-3131
-2778
-2395
-1953
-1623
-1346
-1022
-855
-520
-203
46
318
444
824
1187
1400
1584
1766
2057
2289
2601
2982
3239
3562
3851
4152
4522
4845
5221
5510
5790
6277
6657
6909
7306
7550
7879
8137
8231
8452
8657
8678
8756
8737
8786
8655
8493
8367
8061
7788
7490
7185
6918
6466
5955
5540
5101
4675
4175
3542
2990
2555
2169
1717
1165
687
230
-358
-657
-1221
-1686
-1989
-2530
-2957
-3384
-3880
-4259
-4601
-4802
-5104
-5497
-5699
-6078
-6424
-6671
-6837
-6993
-7123
-7294
-7527
-7535
-7379
-7276
-7257
-7296
-7136
-6951
-6766
-6413
-6098
-5806
-5552
-5325
-4890
-4622
-4396
-3993
-3763
-3364
-3003
-2758
-2409
-2075
-1807
-1465
-1142
-894
-664
-397
-90
344
578
888
1096
1326
1658
1918
2214
2565
2877
3206
3487
3854
4226
4568
4990
5341
5664
6117
6416
6739
7022
7150
7467
7780
7914
7988
8203
8250
8204
8221
8090
7923
7859
7647
7247
6976
6820
6508
6135
5675
5192
4820
4310
3716
3289
2769
2224
1686
1246
885
329
-210
-621
-1240
-1659
-2196
-2567
-2962
-3369
-3761
-4258
-4645
-4961
-5343
-5587
-5901
-6315
-6576
-6878
-7199
-7331
-7554
-7823
-7836
-7874
-7966
-7926
-7812
-7785
-7847
-7807
-7637
-7424
-7252
-6961
-6581
-6328
-6010
-5693
-5329
-4966
-4698
-4304
-3908
-3491
-3098
-2698
-2380
-2181
-1938
-1562
-1196
-941
-588
-190
43
338
580
775
1088
1438
1709
2031
2295
2612
3036
3414
3658
3998
4347
4645
5027
5430
5830
6222
6585
6859
7086
7431
7682
7746
7834
7972
8061
8167
8122
7957
7924
7683
7265
7079
6864
6601
6168
5793
5512
4993
4459
3982
3493
2934
2455
1916
1420
970
521
35
-511
-977
-1421
-1856
-2282
-2624
-3172
-3563
-3917
-4418
-4708
-5083
-5380
-5740
-6043
-6285
-6686
-6808
-7031
-7392
-7434
-7621
-7748
-7767
-7840
-7833
-7799
-7764
-7573
-7458
-7297
-7065
-6829
-6580
-6318
-6085
-5748
-5398
-5010
-4695
-4378
-4000
-3657
-3226
-2821
-2583
-2270
-1955
-1557
-1295
-1133
-698
-329
-65
208
383
684
1013
1245
1535
1824
1964
2231
2587
3008
3375
3654
4059
4432
4859
5383
5665
5941
6460
6680
6910
7350
7568
7749
8008
7991
8221
8361
8226
8253
8252
8113
8080
7775
7509
7303
7007
6666
6215
5779
5433
5053
4568
3951
3483
2991
2416
1986
1510
1028
534
-62
-514
-1056
-1405
-1827
-2337
-2736
-3259
-3617
-4083
-4595
-4920
-5231
-5608
-5872
-6189
-6534
-6786
-7072
-7174
-7340
-7511
-7563
-7848
-7875
-7956
-7982
-7749
-7734
-7661
-7452
-7373
-7156
-6824
-6518
-6168
-5859
-5631
-5329
-4980
-4548
-4138
-3766
-3484
-3152
-2832
-2475
-2179
-1789
-1372
-1123
-882
-639
-428
-150
122
410
585
866
1137
1392
1571
1764
2255
2569
2823
3202
3441
3776
4198
4456
4847
5259
5506
5847
6244
6465
6684
6951
7220
7405
7369
7494
7566
7515
7543
7408
7250
7202
6906
6654
6419
5991
5618
5338
4868
4415
3986
3592
3026
2432
1985
1548
1116
718
168
-390
-890
-1374
-1757
-2305
-2694
-3056
-3575
-3881
-4326
-4772
-5065
-5514
-5827
-6011
-6302
-6663
-7095
-7309
-7585
-7841
-7869
-8151
-8380
-8354
-8442
-8382
-8163
-8120
-8051
-7990
-7715
-7500
-7286
-6948
-6629
-6328
-6063
-5773
-5278
-4826
-4495
-4251
-3883
-3484
-3171
-2881
-2482
-2288
-1981
-1609
-1379
-979
-680
-432
-97
115
439
753
989
1292
1573
1839
2160
2547
2910
3260
3582
3854
4238
4547
4930
5273
5653
5969
6135
6549
6947
7216
7475
7559
7748
7797
7799
7773
7739
7692
7561
7365
7135
6856
6545
6194
5851
5528
4983
4435
4015
3646
3154
2592
2191
1680
1083
649
166
-455
-800
-1293
-1853
-2295
-2730
-3210
-3726
-4069
-4468
-4974
-5384
-5703
-5991
-6382
-6686
-6924
-7238
-7394
-7697
-8022
-8104
-8284
-8409
-8349
-8417
-8339
-8229
-8164
-8008
-7912
-7768
-7462
-7261
-7046
-6670
-6364
-6088
-5609
-5319
-4885
-4417
-4153
-3721
-3341
-3154
-2776
-2502
-2292
-1771
-1490
-1263
-887
-533
-234
19
264
523
754
958
1167
1530
1840
1963
2297
2649
3036
3363
3560
3892
4305
4715
5027
5357
5719
6026
6294
6517
6726
6984
7128
7306
7421
7521
7457
7494
7423
7172
7060
6881
6563
6314
6002
5696
5366
4922
4510
3958
3534
3087
2484
2123
1545
1037
638
71
-529
-1000
-1593
-1989
-2385
-2924
-3310
-3674
-4048
-4500
-4889
-5326
-5693
-5946
-6285
-6745
-7086
-7480
-7707
-7912
-8165
-8272
-8401
-8480
-8506
-8650
-8705
-8605
-8467
-8301
-8161
-8032
-7812
-7538
-7222
-6872
-6668
-6264
-5878
-5633
-5340
-4966
-4526
-4164
-3738
-3385
-3181
-2780
-2396
-2065
-1832
-1480
-1200
-903
-484
-266
-16
388
586
817
1016
1236
1590
1729
2126
2499
2708
3151
3585
3887
4253
4487
4893
5292
5653
6033
6233
6557
6851
7044
7334
7565
7794
7825
7599
7649
7633
7513
7567
7380
7168
6901
6585
6256
5830
5396
5057
4544
3985
3645
3149
2625
2029
1541
1211
731
153
-213
-745
-1324
-1706
-2209
-2608
-2952
-3356
-3752
-4146
-4483
-4933
-5266
-5543
-5867
-6243
-6526
-6682
-6925
-7216
-7397
-7472
-7496
-7616
-7759
-7659
-7650
-7543
-7399
-7424
-7225
-6952
-6750
-6499
-6302
-5914
-5520
-5314
-4902
-4535
-4212
-3813
-3417
-3090
-2707
-2409
-2219
-1843
-1470
-1192
-901
-593
-271
23
229
485
684
914
1181
1457
1806
2076
2383
2681
2900
3232
3591
3902
4209
4537
4932
5282
5631
5929
6202
6538
6759
6991
7265
7528
7625
7720
7848
7961
7987
7940
7972
7834
7659
7427
7062
6799
6429
6015
5780
5370
4952
4458
3883
3436
2968
2537
1880
1418
946
266
-277
-633
-1189
-1621
-2081
-2501
-2907
-3369
-3732
-4222
-4713
-5024
-5398
-5731
-6110
-6425
-6742
-6941
-7190
-7537
-7790
-7976
-8211
-8268
-8301
-8375
-8454
-8390
-8272
-8208
-7966
-7769
-7685
-7436
-7216
-6934
-6611
-6328
-6032
-5651
-5196
-4868
-4537
-4156
-3936
-3548
-3143
-2801
-2421
-2070
-1805
-1460
-1073
-749
-523
-350
-81
182
375
501
702
1234
1604
1771
2141
2361
2604
3020
3342
3710
4184
4473
4856
5244
5413
5718
6159
6549
6907
7068
7286
7440
7357
7444
7584
7485
7417
7362
7167
6966
6764
6525
6155
5747
5451
5040
4583
4055
3474
3097
2508
1939
1507
1024
600
181
-417
-887
-1373
-1860
-2188
-2638
-3116
-3467
-3855
-4305
-4648
-5037
-5267
-5568
-5896
-6242
-6507
-6725
-7064
-7275
-7425
-7672
-7701
-7854
-7915
-7850
-7901
-7901
-7790
-7622
-7577
-7497
-7219
-6901
-6701
-6559
-6251
-5872
-5623
-5324
-4999
-4664
-4345
-4060
-3502
-3042
-2715
-2379
-2127
-1680
-1475
-1316
-919
-668
-404
-115
141
268
475
743
1057
1466
1641
1947
2369
2731
3045
3296
3570
3953
4249
4625
5075
5344
5686
6041
6455
6732
6937
7144
7325
7650
7684
7678
7834
7825
7763
7691
7597
7500
7286
6992
6660
6271
5981
5563
5086
4589
4207
3734
3172
2655
2192
1634
1171
782
273
-359
-724
-1162
-1575
-2006
-2294
-2648
-3196
-3568
-3885
-4299
-4600
-4966
-5365
-5585
-5819
-6161
-6339
-6616
-6711
-6921
-7180
-7172
-7304
-7509
-7390
-7322
-7276
-7194
-7056
-6847
-6774
-6584
-6228
-6007
-5595
-5225
-4951
-4646
-4380
-4014
-3668
-3324
-2932
-2562
-2277
-1851
-1564
-1392
-1072
-874
-573
-193
70
432
772
955
1261
1734
1909
2104
2570
2862
3094
3411
3716
4145
4551
4727
5031
5514
5879
6169
6570
6856
7075
7424
7757
7945
8177
8277
8446
8549
8530
8502
8372
8228
8176
7928
7717
7471
7137
6832
6488
6013
5577
5145
4619
4146
3619
3111
2568
2159
1709
1217
800
148
-368
-830
-1335
-1780
-2268
-2602
-3025
-3442
-3783
-4207
-4668
-5022
-5275
-5581
-5867
-6259
-6580
-6734
-6859
-7077
-7307
-7339
-7590
-7671
-7605
-7657
-7531
-7540
-7470
-7211
-7015
-6806
-6577
-6295
-6013
-5762
-5441
-5057
-4693
-4416
-4026
-3718
-3412
-2996
-2733
-2413
-1942
-1618
-1346
-1086
-791
-482
-163
-24
256
545
754
930
1091
1417
1778
2075
2446
2723
2959
3301
3607
3881
4232
4648
4964
5315
5703
6075
6381
6692
6929
7124
7390
7578
7699
7917
7966
8031
8108
7915
7779
7539
7311
7161
6897
6618
6221
5946
5504
4978
4620
4060
3547
3097
2680
2162
1646
1145
715
238
-407
-828
-1214
-1610
-1911
-2308
-2702
-3047
-3517
-3970
-4192
-4542
-4931
-5211
-5582
-5850
-6201
-6502
-6535
-6679
-6911
-7101
-7207
-7424
-7447
-7402
-7360
-7193
-7124
-6978
-6750
-6711
-6474
-6095
-5862
-5546
-5267
-4975
-4631
-4321
-4062
-3680
-3321
-3000
-2552
-2207
-1923
-1599
-1359
-933
-627
-471
-161
178
460
682
925
1214
1433
1672
2029
2466
2670
2982
3373
3526
3825
4211
4623
5090
5451
5811
6115
6351
6754
7058
7301
7717
7930
8044
8185
8290
8430
8415
8354
8448
8233
8087
8042
7789
7443
7203
6831
6454
6140
5827
5254
4720
4178
3640
3179
2734
2202
1734
1338
711
242
-172
-694
-1048
-1618
-2127
-2613
-3117
-3436
-3902
-4313
-4622
-4970
-5295
-5619
-5876
-6116
-6401
-6642
-6785
-6954
-7152
-7347
-7469
-7506
-7508
-7500
-7366
-7283
-7129
-7012
-6880
-6516
-6258
-6050
-5661
-5285
-4963
-4672
-4421
-4097
-3715
-3404
-3055
-2599
-2262
-1921
-1606
-1294
-958
-655
-453
-99
186
459
805
1002
1275
1702
1853
2095
2348
2637
3054
3298
3664
4092
4472
4832
5264
5612
5939
6313
6580
7002
7308
7571
7901
8097
8269
8387
8510
8593
8550
8676
8678
8489
8420
8255
7885
7646
7332
7002
6686
6268
5895
5445
4990
4525
4004
3506
2935
2438
2006
1411
785
277
-242
-804
-1156
-1630
-2060
-2463
-2985
-3357
-3693
-4115
-4557
-4884
-5163
-5574
-5890
-6144
-6527
-6944
-7050
-7272
-7544
-7644
-7788
-7735
-7731
-7739
-7640
-7542
-7395
-7225
-7161
-6939
-6646
-6297
-5944
-5737
-5405
-4925
-4537
-4277
-3923
-3489
-3151
-2835
-2434
-2191
-1777
-1383
-1150
-806
-639
-267
28
233
618
843
1039
1289
1639
1922
2207
2445
2714
3108
3440
3792
4177
4466
4900
5253
5559
6079
6336
6572
6972
7227
7462
7738
7889
8108
8354
8410
8387
8378
8332
8285
8088
7851
7742
7474
7220
6943
6548
6202
5739
5364
4901
4441
3966
3390
2803
2317
1896
1377
909
385
-210
-737
-960
-1396
-1873
-2266
-2727
-3072
-3358
-3810
-4215
-4570
-4953
-5258
-5553
-5981
-6123
-6358
-6694
-6897
-7192
-7320
-7229
-7379
-7554
-7578
-7611
-7429
-7289
-7243
-6972
-6775
-6546
-6250
-5999
-5701
-5377
-4979
-4695
-4351
-3916
-3569
-3232
-2819
-2503
-2111
-1822
-1542
-1168
-1009
-784
-437
-222
-5
248
479
730
994
1135
1331
1618
1975
2245
2504
2812
3119
3447
3667
4003
4454
4743
5123
5555
5849
6081
6354
6631
6951
7288
7446
7538
7651
7720
7648
7587
7630
7536
7349
7320
7001
6669
6385
5977
5683
5301
4776
4368
3839
3261
2882
2392
1844
1340
889
436
-154
-588
-1090
-1559
-1910
-2426
-2732
-3264
-3642
-3959
-4455
-4759
-5075
-5500
-5840
-6214
-6480
-6641
-6969
-7182
-7360
-7525
-7657
-7791
-7830
-7854
-7872
-7810
-7864
-7867
-7669
-7472
-7251
-6955
-6710
-6439
-6055
-5845
-5505
-5227
-4920
-4434
-4089
-3684
-3297
-2985
-2745
-2372
-1971
-1700
-1434
-1032
-711
-395
-69
115
396
672
874
1161
1494
1758
2039
2348
2553
2841
3240
3646
3896
4281
4675
4922
5387
5764
6003
6355
6618
6907
7159
7317
7605
7860
7891
7943
8088
8196
8101
8096
8021
7738
7504
7243
6767
6475
6130
5824
5492
4998
4596
4040
3377
2854
2336
1982
1392
884
476
-210
-652
-1247
-1685
-1973
-2421
-2797
-3381
-3814
-4170
-4621
-4986
-5309
-5581
-5839
-6075
-6378
-6714
-7080
-7348
-7519
-7600
-7729
-7780
-7939
-7999
-7944
-7948
-7768
-7586
-7464
-7293
-7186
-6808
-6627
-6364
-5880
-5706
-5391
-5001
-4741
-4281
-3859
-3525
-3108
-2845
-2453
-2068
-1832
-1421
-1102
-927
-617
-267
36
457
730
897
1109
1247
1557
1948
2326
2654
2952
3273
3549
3917
4310
4742
5150
5430
5772
5958
6285
6648
6994
7299
7472
7768
7952
8051
8142
8150
8099
8121
7976
7748
7656
7485
7092
6907
6698
6215
5737
5346
4853
4445
3965
3437
2900
2341
1914
1445
877
408
-174
-717
-1154
-1703
-1988
-2364
-2853
-3295
-3733
-4196
-4594
-5018
-5352
-5632
-6057
-6395
-6640
-6944
-7288
-7523
-7714
-7966
-8035
-8108
-8217
-8365
-8211
-8194
-8188
-7923
-7867
-7701
-7401
-7280
-6985
-6567
-6246
-5915
-5551
-5316
-4882
-4416
-4197
-3882
-3376
-2989
-2789
-2436
-1978
-1618
-1371
-1097
-943
-662
-314
-58
197
410
663
971
1225
1467
1796
2067
2302
2604
2964
3362
3696
4062
4328
4674
5096
5426
5765
6051
6215
6524
6824
7050
7372
7501
7599
7733
7681
7564
7586
7500
7247
7078
6807
6496
6238
5934
5624
5164
4719
4196
3696
3306
2753
2320
1896
1362
820
314
-202
-809
-1183
-1681
-2102
-2531
-2888
-3158
-3560
-3970
-4271
-4648
-5178
-5415
-5682
-6037
-6395
-6589
-6830
-7067
-7212
-7428
-7593
-7693
-7815
-7871
-7720
-7671
-7705
-7565
-7437
-7097
-6925
-6808
-6513
-6412
-6191
-5760
-5337
-4965
-4719
-4338
-4011
-3732
-3218
-2881
-2579
-2201
-1802
-1469
-1230
-944
-665
-356
-21
242
534
828
1018
1341
1657
1770
2071
2473
2744
3048
3419
3718
4205
4541
4807
5077
5364
5742
5985
6265
6651
6969
7287
7526
7575
7652
7858
7996
8041
8112
7960
7863
7776
7453
7252
6925
6654
6504
6040
5581
5224
4736
4244
3728
3177
2766
2284
1627
1251
807
153
-368
-647
-1075
-1582
-2055
-2411
-2720
-3333
-3680
-4034
-4560
-4916
-5255
-5549
-5865
-6277
-6624
-6931
-7159
-7389
-7580
-7782
-8025
-8121
-8167
-8240
-8151
-7987
-8084
-7887
-7606
-7437
-7294
-6975
-6628
-6382
-6136
-5804
-5349
-5084
-4930
-4437
-4001
-3824
-3368
-3040
-2716
-2288
-1926
-1620
-1348
-1092
-762
-455
-18
279
375
879
1121
1338
1735
1986
2317
2773
3002
3224
3547
3950
4286
4517
4924
5327
5666
5966
6345
6629
6988
7144
7449
7756
7889
8039
8059
7959
8078
7973
7917
7817
7592
7345
6914
6659
6405
5916
5726
5189
4653
4375
3870
3330
2826
2432
1904
1335
1001
419
-172
-552
-1064
-1570
-2106
-2620
-2878
-3323
-3772
-4192
-4720
-4961
-5285
-5753
-6012
-6273
-6508
-6819
-7209
-7468
-7688
-7697
-7836
-8038
-8061
-8104
-8158
-8252
-8257
-8096
-7948
-7805
-7525
-7253
-6995
-6597
-6308
-6144
-5868
-5569
-5242
-4748
-4353
-3977
-3581
-3230
-2837
-2505
-2267
-1902
-1651
-1405
-1119
-880
-622
-225
-16
208
469
593
986
1321
1542
1835
2034
2351
2775
3086
3442
3749
4064
4449
4775
5131
5440
5656
5994
6207
6519
6853
7024
7070
7088
7035
7109
7258
7162
6925
6698
6552
6348
6099
5725
5412
5106
4645
4140
3790
3258
2777
2282
1786
1359
924
434
-23
-518
-962
-1484
-1880
-2371
-2749
-2988
-3504
-3894
-4231
-4779
-5039
-5289
-5664
-6005
-6344
-6672
-6867
-7123
-7406
-7580
-7780
-7905
-7905
-8086
-8051
-7915
-7925
-7741
-7606
-7627
-7289
-7118
-7005
-6706
-6355
-5884
-5612
-5316
-4924
-4608
-4296
-3893
-3511
-3134
-2863
-2582
-2180
-1831
-1561
-1217
-1052
-851
-479
-160
130
380
608
825
1073
1442
1696
2070
2376
2650
2998
3359
3705
4164
4455
4853
5191
5663
6108
6245
6511
6920
7159
7378
7491
7628
7868
7977
8125
8160
8141
8145
7950
7836
7653
7379
7094
6851
6423
6044
5688
5261
4882
4353
3879
3457
2918
2384
1838
1346
782
199
-82
-639
-1081
-1509
-2058
-2471
-2837
-3171
-3572
-4015
-4250
-4565
-4917
-5283
-5652
-5976
-6239
-6476
-6724
-6906
-7105
-7273
-7389
-7337
-7390
-7409
-7424
-7400
-7251
-7118
-6987
-6764
-6446
-6195
-5864
-5510
-5152
-4823
-4516
-4123
-3881
-3626
-3144
-2842
-2433
-2022
-1820
-1446
-1041
-700
-462
-200
111
411
700
1051
1313
1474
1807
2034
2190
2618
2943
3207
3432
3685
4035
4407
4835
5243
5560
5839
6139
6643
6937
7104
7469
7609
7858
8180
8109
8374
8550
8376
8384
8364
8269
8197
7978
7687
7445
7182
6833
6470
5969
5670
5226
4650
4348
3900
3271
2785
2292
1816
1438
790
325
-54
-592
-1045
-1470
-1964
-2395
-2750
-3155
-3597
-3972
-4365
-4698
-4983
-5365
-5773
-6052
-6330
-6656
-6922
-7207
-7305
-7297
-7386
-7511
-7500
-7567
-7601
-7470
-7335
-7105
-7015
-6837
-6550
-6274
-6024
-5773
-5380
-4972
-4607
-4273
-3901
-3622
-3381
-3006
-2589
-2369
-1990
-1764
-1502
-1182
-940
-654
-441
-77
164
342
707
892
1110
1275
1519
2011
2280
2627
3012
3262
3542
3904
4260
4598
4922
5318
5760
6077
6263
6574
6924
7162
7322
7514
7653
7722
7840
7924
7875
7846
7793
7606
7364
7053
6880
6542
6176
5853
5406
5006
4594
4137
3679
3161
2572
2071
1557
1121
652
82
-412
-838
-1179
-1724
-2094
-2468
-2923
-3228
-3697
-4087
-4392
-4811
-5113
-5370
-5727
-6042
-6162
-6401
-6654
-6785
-7098
-7187
-7254
-7416
-7250
-7190
-7220
-7046
-6986
-6911
-6570
-6375
-6238
-5836
-5543
-5250
-4800
-4580
-4183
-3880
-3611
-3051
-2685
-2316
-1958
-1569
-1141
-793
-513
-248
-29
283
564
807
1111
1373
1557
1763
2029
2198
2578
2880
3117
3472
3776
4006
4314
4694
5123
5300
5588
6050
6414
6664
6958
7350
7638
7780
7981
8218
8356
8365
8478
8579
8499
8443
8282
8112
8030
7712
7337
7110
6827
6360
5952
5500
5028
4600
4052
3461
2989
2580
2030
1623
1230
554
101
-397
-872
-1270
-1702
-1961
-2460
-2856
-3217
-3737
-4138
-4552
-4856
-5178
-5536
-5809
-6063
-6259
-6502
-6735
-6804
-7021
-7123
-7092
-7171
-7152
-7100
-7093
-7098
-7026
-6789
-6548
-6190
-5929
-5762
-5497
-5155
-4753
-4427
-4021
-3659
-3392
-2996
-2683
-2360
-1892
-1693
-1430
-1022
-815
-568
-286
0
254
516
771
952
1290
1630
1778
2126
2425
2738
3067
3306
3593
3888
4257
4658
4919
5236
5605
6044
6425
6672
6876
7148
7380
7678
7887
7965
8185
8218
8170
8300
8198
8111
8000
7742
7574
7336
7047
6808
6365
5912
5449
4956
4435
3904
3461
2908
2463
2051
1547
1083
558
-88
-476
-956
-1350
-1756
-2132
-2363
-2758
-3183
-3665
-4094
-4514
-4864
-5017
-5388
-5670
-5893
-6200
-6416
-6663
-6901
-6958
-7079
-7146
-7161
-7287
-7285
-7207
-7093
-6954
-6798
-6621
-6398
-6232
-5970
-5665
-5378
-5077
-4802
-4416
-4064
-3722
-3340
-2967
-2596
-2147
-1807
-1549
-1175
-885
-632
-337
19
321
555
955
1217
1454
1651
1796
2082
2385
2675
3100
3306
3708
4058
4315
4727
5013
5430
5689
6064
6492
6823
7164
7406
7630
7841
8088
8231
8342
8412
8318
8333
8336
8306
8377
8090
7759
7508
7200
6881
6418
6034
5657
5159
4804
4283
3820
3384
2814
2386
1932
1355
851
254
-274
-686
-1066
-1451
-2030
-2419
-2843
-3228
-3591
-3985
-4192
-4572
-5008
-5283
-5562
-5859
-6208
-6496
-6782
-7067
-7220
-7411
-7424
-7383
-7556
-7530
-7478
-7429
-7363
-7225
-7080
-6845
-6493
-6344
-6073
-5597
-5382
-5097
-4736
-4383
-3940
-3650
-3285
-2903
-2648
-2277
-1791
-1394
-1116
-849
-681
-417
38
258
442
858
1128
1369
1650
1934
2192
2479
2797
3164
3456
3813
4113
4380
4713
5062
5566
6003
6174
6440
6946
7320
7604
7757
7949
8228
8310
8437
8597
8601
8597
8495
8385
8269
7973
7685
7490
7202
6827
6491
6003
5603
5257
4732
4298
3846
3305
2861
2344
1859
1446
878
370
-57
-597
-968
-1288
-1705
-2214
-2638
-2991
-3325
-3737
-3960
-4280
-4625
-4884
-5313
-5546
-5729
-6118
-6225
-6400
-6663
-6668
-6752
-6875
-6872
-6793
-6648
-6529
-6437
-6311
-6090
-5853
-5588
-5157
-4783
-4658
-4302
-3937
-3680
-3307
-2998
-2673
-2229
-1830
-1628
-1275
-975
-682
-225
-13
229
633
899
1148
1472
1781
1934
2177
2434
2622
2973
3245
3511
3963
4343
4570
4861
5075
5430
5739
6118
6567
6867
7134
7423
7723
8063
8392
8440
8522
8653
8620
8642
8645
8541
8378
8196
7963
7785
7401
7061
6838
6491
5975
5659
5240
4600
4163
3757
3282
2759
2207
1786
1321
752
369
-75
-652
-994
-1501
-1931
-2293
-2756
-3264
-3756
-4201
-4532
-4876
-5255
-5523
-5821
-6203
-6335
-6479
-6790
-7013
-7152
-7192
-7237
-7387
-7314
-7280
-7312
-7241
-7110
-6893
-6757
-6552
-6333
-6101
-5725
-5344
-5142
-4874
-4587
-4186
-3865
-3445
-3019
-2745
-2390
-2118
-1996
-1564
-1296
-1083
-644
-402
-141
242
409
700
907
1070
1377
1654
1949
2357
2599
2880
3194
3553
3981
4306
4594
4960
5212
5568
5820
6061
6400
6648
6992
7240
7332
7584
7707
7675
7813
7895
7827
7771
7699
7564
7186
6923
6662
6197
6028
5789
5146
4825
4354
3806
3487
2854
2326
1884
1420
912
407
-191
-684
-1048
-1490
-1881
-2295
-2779
-3057
-3455
-3856
-4240
-4573
-4780
-5206
-5537
-5850
-6244
-6474
-6710
-6939
-7080
-7232
-7297
-7441
-7528
-7474
-7470
-7356
-7276
-7182
-7026
-6769
-6520
-6336
-6017
-5710
-5363
-5013
-4642
-4314
-3954
-3617
-3217
-3008
-2592
-2243
-2016
-1586
-1281
-1054
-677
-425
-211
143
437
682
945
1178
1433
1612
1931
2264
2338
2642
3122
3409
3635
3897
4304
4713
5039
5351
5770
6088
6455
6746
6892
7249
7505
7669
7797
7916
8082
8124
8124
8244
8067
7738
7572
7398
7199
6905
6618
6355
5949
5502
4998
4480
4155
3709
3220
2742
2241
1773
1270
782
273
-294
-766
-1127
-1597
-1958
-2374
-2842
-3228
-3617
-3944
-4278
-4621
-5005
-5466
-5681
-5896
-6249
-6543
-6751
-7023
-7102
-7127
-7250
-7284
-7330
-7368
-7246
-7167
-7156
-6992
-6860
-6649
-6274
-6101
-5858
-5620
-5344
-5002
-4607
-4211
-3971
-3680
-3233
-2997
-2615
-2300
-1939
-1575
-1374
-1069
-669
-512
-313
63
304
621
833
1056
1361
1617
1941
2325
2432
2702
3002
3249
3627
3995
4311
4781
5208
5492
5869
6194
6431
6792
7080
7319
7630
7789
7929
7997
8124
8242
8214
8175
7992
7818
7682
7438
7138
6919
6623
6291
5917
5376
4991
4669
4113
3616
3156
2662
2217
1712
1229
741
214
-201
-695
-1260
-1630
-2045
-2551
-2907
-3453
-3921
-4156
-4547
-4802
-5155
-5534
-5815
-6164
-6530
-6676
-6855
-7121
-7244
-7339
-7484
-7556
-7505
-7550
-7473
-7401
-7293
-7005
-6823
-6496
-6348
-6194
-5839
-5592
-5241
-4905
-4592
-4112
-3843
-3637
-3256
-2873
-2442
-2135
-1832
-1410
-1103
-843
-471
-157
149
415
549
796
1085
1356
1599
1805
1973
2275
2724
3025
3326
3561
3880
4188
4428
4735
5143
5563
5859
6169
6542
6742
6953
7197
7324
7625
7730
7806
7894
7782
7835
7845
7595
7473
7314
6963
6593
6266
5856
5435
5146
4610
4088
3797
3299
2839
2415
1845
1404
936
319
-192
-634
-1179
-1477
-1921
-2400
-2863
-3200
-3570
-4064
-4462
-4787
-5106
-5568
-5938
-6252
-6627
-6852
-7056
-7232
-7348
-7547
-7644
-7754
-7969
-7847
-7782
-7867
-7690
-7603
-7475
-7266
-7030
-6807
-6573
-6292
-6026
-5633
-5298
-5011
-4644
-4284
-3912
-3578
-3231
-2818
-2498
-2209
-1790
-1626
-1311
-903
-746
-421
-167
99
385
565
843
1128
1477
1727
1883
2231
2556
2903
3301
3537
3830
4213
4594
4927
5246
5589
5895
6032
6288
6559
6895
7160
7357
7523
7510
7474
7667
7713
7649
7544
7338
7095
6963
6697
6401
6074
5628
5230
4821
4313
3783
3263
2854
2185
1705
1308
792
404
-235
-808
-1286
-1816
-2144
-2580
-2925
-3264
-3634
-4061
-4572
-4792
-5201
-5587
-5830
-6103
-6360
-6538
-6737
-7137
-7338
-7485
-7712
-7805
-7857
-7850
-7774
-7677
-7620
-7516
-7300
-7282
-7128
-6880
-6680
-6407
-6028
-5684
-5327
-5012
-4708
-4328
-3997
-3673
-3305
-2916
-2630
-2352
-1926
-1545
-1331
-1059
-762
-541
-315
38
291
523
870
1101
1380
1656
1901
2193
2547
2890
3230
3551
3884
4250
4602
5053
5408
5634
5933
6262
6555
6817
7153
7351
7589
7812
7832
7914
7956
7908
7814
7688
7589
7319
7071
6752
6390
6144
5772
5359
4975
4401
3979
3607
2970
2453
1946
1432
1006
535
9
-669
-1077
-1457
-1913
-2279
-2674
-3064
-3549
-4115
-4587
-4796
-5181
-5495
-5725
-6089
-6457
-6650
-6840
-7062
-7384
-7679
-7718
-7810
-8061
-8109
-8061
-8053
-8089
-8067
-7891
-7795
-7630
-7413
-7046
-6768
-6486
-6128
-5865
-5404
-5068
-4722
-4304
-3910
-3523
-3179
-2763
-2513
-2340
-1874
-1606
-1280
-937
-754
-391
-150
54
395
659
809
1048
1369
1621
1965
2291
2697
3126
3340
3669
4083
4467
4774
5126
5530
5795
6069
6346
6675
7012
7219
7264
7421
7577
7687
7719
7836
7674
7421
7354
7099
6996
6815
6493
6179
5687
5226
4904
4483
